x value: 0
    y  0  1  2  3  4  5  6  7  8  9 10 11 12 13 14 15 16 17 18 19 20 21 22 23 24 25 26 27 28 29 30 31 32 33 34 35 36 37 38 39 40 41 42 43 44 45 46 47 48 49 50 
 z
 0     0
 1     1  2
 2     0  3  0
 3     1  2  1  2
 4     0  3  0  3  0
 5     1  2  1  2  1  2
 6     0  3  0  3  0  3  0
 7     1  2  1  2  1  2  1  2
 8     0  3  0  3  0  3  0  3  0
 9     1  2  1  2  1  2  1  2  1  2
10     0  3  0  3  0  3  0  3  0  3  0
11     1  2  1  2  1  2  1  2  1  2  1  2
12     0  3  0  3  0  3  0  3  0  3  0  3  0
13     1  2  1  2  1  2  1  2  1  2  1  2  1  2
14     0  3  0  3  0  3  0  3  0  3  0  3  0  3  0
15     1  2  1  2  1  2  1  2  1  2  1  2  1  2  1  2
16     0  3  0  3  0  3  0  3  0  3  0  3  0  3  0  3  0
17     1  2  1  2  1  2  1  2  1  2  1  2  1  2  1  2  1  2
18     0  3  0  3  0  3  0  3  0  3  0  3  0  3  0  3  0  3  0
19     1  2  1  2  1  2  1  2  1  2  1  2  1  2  1  2  1  2  1  2
20     0  3  0  3  0  3  0  3  0  3  0  3  0  3  0  3  0  3  0  3  0
21     1  2  1  2  1  2  1  2  1  2  1  2  1  2  1  2  1  2  1  2  1  2
22     0  3  0  3  0  3  0  3  0  3  0  3  0  3  0  3  0  3  0  3  0  3  0
23     1  2  1  2  1  2  1  2  1  2  1  2  1  2  1  2  1  2  1  2  1  2  1  2
24     0  3  0  3  0  3  0  3  0  3  0  3  0  3  0  3  0  3  0  3  0  3  0  3  0
25     1  2  1  2  1  2  1  2  1  2  1  2  1  2  1  2  1  2  1  2  1  2  1  2  1  2
26     0  3  0  3  0  3  0  3  0  3  0  3  0  3  0  3  0  3  0  3  0  3  0  3  0  3  0
27     1  2  1  2  1  2  1  2  1  2  1  2  1  2  1  2  1  2  1  2  1  2  1  2  1  2  1  2
28     0  3  0  3  0  3  0  3  0  3  0  3  0  3  0  3  0  3  0  3  0  3  0  3  0  3  0  3  0
29     1  2  1  2  1  2  1  2  1  2  1  2  1  2  1  2  1  2  1  2  1  2  1  2  1  2  1  2  1  2
30     0  3  0  3  0  3  0  3  0  3  0  3  0  3  0  3  0  3  0  3  0  3  0  3  0  3  0  3  0  3  0
31     1  2  1  2  1  2  1  2  1  2  1  2  1  2  1  2  1  2  1  2  1  2  1  2  1  2  1  2  1  2  1  2
32     0  3  0  3  0  3  0  3  0  3  0  3  0  3  0  3  0  3  0  3  0  3  0  3  0  3  0  3  0  3  0  3  0
33     1  2  1  2  1  2  1  2  1  2  1  2  1  2  1  2  1  2  1  2  1  2  1  2  1  2  1  2  1  2  1  2  1  2
34     0  3  0  3  0  3  0  3  0  3  0  3  0  3  0  3  0  3  0  3  0  3  0  3  0  3  0  3  0  3  0  3  0  3  0
35     1  2  1  2  1  2  1  2  1  2  1  2  1  2  1  2  1  2  1  2  1  2  1  2  1  2  1  2  1  2  1  2  1  2  1  2
36     0  3  0  3  0  3  0  3  0  3  0  3  0  3  0  3  0  3  0  3  0  3  0  3  0  3  0  3  0  3  0  3  0  3  0  3  0
37     1  2  1  2  1  2  1  2  1  2  1  2  1  2  1  2  1  2  1  2  1  2  1  2  1  2  1  2  1  2  1  2  1  2  1  2  1  2
38     0  3  0  3  0  3  0  3  0  3  0  3  0  3  0  3  0  3  0  3  0  3  0  3  0  3  0  3  0  3  0  3  0  3  0  3  0  3  0
39     1  2  1  2  1  2  1  2  1  2  1  2  1  2  1  2  1  2  1  2  1  2  1  2  1  2  1  2  1  2  1  2  1  2  1  2  1  2  1  2
40     0  3  0  3  0  3  0  3  0  3  0  3  0  3  0  3  0  3  0  3  0  3  0  3  0  3  0  3  0  3  0  3  0  3  0  3  0  3  0  3  0
41     1  2  1  2  1  2  1  2  1  2  1  2  1  2  1  2  1  2  1  2  1  2  1  2  1  2  1  2  1  2  1  2  1  2  1  2  1  2  1  2  1  2
42     0  3  0  3  0  3  0  3  0  3  0  3  0  3  0  3  0  3  0  3  0  3  0  3  0  3  0  3  0  3  0  3  0  3  0  3  0  3  0  3  0  3  0
43     1  2  1  2  1  2  1  2  1  2  1  2  1  2  1  2  1  2  1  2  1  2  1  2  1  2  1  2  1  2  1  2  1  2  1  2  1  2  1  2  1  2  1  2
44     0  3  0  3  0  3  0  3  0  3  0  3  0  3  0  3  0  3  0  3  0  3  0  3  0  3  0  3  0  3  0  3  0  3  0  3  0  3  0  3  0  3  0  3  0
45     1  2  1  2  1  2  1  2  1  2  1  2  1  2  1  2  1  2  1  2  1  2  1  2  1  2  1  2  1  2  1  2  1  2  1  2  1  2  1  2  1  2  1  2  1  2
46     0  3  0  3  0  3  0  3  0  3  0  3  0  3  0  3  0  3  0  3  0  3  0  3  0  3  0  3  0  3  0  3  0  3  0  3  0  3  0  3  0  3  0  3  0  3  0
47     1  2  1  2  1  2  1  2  1  2  1  2  1  2  1  2  1  2  1  2  1  2  1  2  1  2  1  2  1  2  1  2  1  2  1  2  1  2  1  2  1  2  1  2  1  2  1  2
48     0  3  0  3  0  3  0  3  0  3  0  3  0  3  0  3  0  3  0  3  0  3  0  3  0  3  0  3  0  3  0  3  0  3  0  3  0  3  0  3  0  3  0  3  0  3  0  3  0
49     1  2  1  2  1  2  1  2  1  2  1  2  1  2  1  2  1  2  1  2  1  2  1  2  1  2  1  2  1  2  1  2  1  2  1  2  1  2  1  2  1  2  1  2  1  2  1  2  1  2
50     0  3  0  3  0  3  0  3  0  3  0  3  0  3  0  3  0  3  0  3  0  3  0  3  0  3  0  3  0  3  0  3  0  3  0  3  0  3  0  3  0  3  0  3  0  3  0  3  0  3  0

x value: 1
    y  1  2  3  4  5  6  7  8  9 10 11 12 13 14 15 16 17 18 19 20 21 22 23 24 25 26 27 28 29 30 31 32 33 34 35 36 37 38 39 40 41 42 43 44 45 46 47 48 49 50 
 z
 1     1
 2     2  3
 3     3  4  1
 4     2  5  6  3
 5     3  4  7  4  1
 6     2  5  6  5  6  3
 7     3  4  7  4  7  4  1
 8     2  5  6  5  6  5  6  3
 9     3  4  7  4  7  4  7  4  1
10     2  5  6  5  6  5  6  5  6  3
11     3  4  7  4  7  4  7  4  7  4  1
12     2  5  6  5  6  5  6  5  6  5  6  3
13     3  4  7  4  7  4  7  4  7  4  7  4  1
14     2  5  6  5  6  5  6  5  6  5  6  5  6  3
15     3  4  7  4  7  4  7  4  7  4  7  4  7  4  1
16     2  5  6  5  6  5  6  5  6  5  6  5  6  5  6  3
17     3  4  7  4  7  4  7  4  7  4  7  4  7  4  7  4  1
18     2  5  6  5  6  5  6  5  6  5  6  5  6  5  6  5  6  3
19     3  4  7  4  7  4  7  4  7  4  7  4  7  4  7  4  7  4  1
20     2  5  6  5  6  5  6  5  6  5  6  5  6  5  6  5  6  5  6  3
21     3  4  7  4  7  4  7  4  7  4  7  4  7  4  7  4  7  4  7  4  1
22     2  5  6  5  6  5  6  5  6  5  6  5  6  5  6  5  6  5  6  5  6  3
23     3  4  7  4  7  4  7  4  7  4  7  4  7  4  7  4  7  4  7  4  7  4  1
24     2  5  6  5  6  5  6  5  6  5  6  5  6  5  6  5  6  5  6  5  6  5  6  3
25     3  4  7  4  7  4  7  4  7  4  7  4  7  4  7  4  7  4  7  4  7  4  7  4  1
26     2  5  6  5  6  5  6  5  6  5  6  5  6  5  6  5  6  5  6  5  6  5  6  5  6  3
27     3  4  7  4  7  4  7  4  7  4  7  4  7  4  7  4  7  4  7  4  7  4  7  4  7  4  1
28     2  5  6  5  6  5  6  5  6  5  6  5  6  5  6  5  6  5  6  5  6  5  6  5  6  5  6  3
29     3  4  7  4  7  4  7  4  7  4  7  4  7  4  7  4  7  4  7  4  7  4  7  4  7  4  7  4  1
30     2  5  6  5  6  5  6  5  6  5  6  5  6  5  6  5  6  5  6  5  6  5  6  5  6  5  6  5  6  3
31     3  4  7  4  7  4  7  4  7  4  7  4  7  4  7  4  7  4  7  4  7  4  7  4  7  4  7  4  7  4  1
32     2  5  6  5  6  5  6  5  6  5  6  5  6  5  6  5  6  5  6  5  6  5  6  5  6  5  6  5  6  5  6  3
33     3  4  7  4  7  4  7  4  7  4  7  4  7  4  7  4  7  4  7  4  7  4  7  4  7  4  7  4  7  4  7  4  1
34     2  5  6  5  6  5  6  5  6  5  6  5  6  5  6  5  6  5  6  5  6  5  6  5  6  5  6  5  6  5  6  5  6  3
35     3  4  7  4  7  4  7  4  7  4  7  4  7  4  7  4  7  4  7  4  7  4  7  4  7  4  7  4  7  4  7  4  7  4  1
36     2  5  6  5  6  5  6  5  6  5  6  5  6  5  6  5  6  5  6  5  6  5  6  5  6  5  6  5  6  5  6  5  6  5  6  3
37     3  4  7  4  7  4  7  4  7  4  7  4  7  4  7  4  7  4  7  4  7  4  7  4  7  4  7  4  7  4  7  4  7  4  7  4  1
38     2  5  6  5  6  5  6  5  6  5  6  5  6  5  6  5  6  5  6  5  6  5  6  5  6  5  6  5  6  5  6  5  6  5  6  5  6  3
39     3  4  7  4  7  4  7  4  7  4  7  4  7  4  7  4  7  4  7  4  7  4  7  4  7  4  7  4  7  4  7  4  7  4  7  4  7  4  1
40     2  5  6  5  6  5  6  5  6  5  6  5  6  5  6  5  6  5  6  5  6  5  6  5  6  5  6  5  6  5  6  5  6  5  6  5  6  5  6  3
41     3  4  7  4  7  4  7  4  7  4  7  4  7  4  7  4  7  4  7  4  7  4  7  4  7  4  7  4  7  4  7  4  7  4  7  4  7  4  7  4  1
42     2  5  6  5  6  5  6  5  6  5  6  5  6  5  6  5  6  5  6  5  6  5  6  5  6  5  6  5  6  5  6  5  6  5  6  5  6  5  6  5  6  3
43     3  4  7  4  7  4  7  4  7  4  7  4  7  4  7  4  7  4  7  4  7  4  7  4  7  4  7  4  7  4  7  4  7  4  7  4  7  4  7  4  7  4  1
44     2  5  6  5  6  5  6  5  6  5  6  5  6  5  6  5  6  5  6  5  6  5  6  5  6  5  6  5  6  5  6  5  6  5  6  5  6  5  6  5  6  5  6  3
45     3  4  7  4  7  4  7  4  7  4  7  4  7  4  7  4  7  4  7  4  7  4  7  4  7  4  7  4  7  4  7  4  7  4  7  4  7  4  7  4  7  4  7  4  1
46     2  5  6  5  6  5  6  5  6  5  6  5  6  5  6  5  6  5  6  5  6  5  6  5  6  5  6  5  6  5  6  5  6  5  6  5  6  5  6  5  6  5  6  5  6  3
47     3  4  7  4  7  4  7  4  7  4  7  4  7  4  7  4  7  4  7  4  7  4  7  4  7  4  7  4  7  4  7  4  7  4  7  4  7  4  7  4  7  4  7  4  7  4  1
48     2  5  6  5  6  5  6  5  6  5  6  5  6  5  6  5  6  5  6  5  6  5  6  5  6  5  6  5  6  5  6  5  6  5  6  5  6  5  6  5  6  5  6  5  6  5  6  3
49     3  4  7  4  7  4  7  4  7  4  7  4  7  4  7  4  7  4  7  4  7  4  7  4  7  4  7  4  7  4  7  4  7  4  7  4  7  4  7  4  7  4  7  4  7  4  7  4  1
50     2  5  6  5  6  5  6  5  6  5  6  5  6  5  6  5  6  5  6  5  6  5  6  5  6  5  6  5  6  5  6  5  6  5  6  5  6  5  6  5  6  5  6  5  6  5  6  5  6  3

x value: 2
    y  2  3  4  5  6  7  8  9 10 11 12 13 14 15 16 17 18 19 20 21 22 23 24 25 26 27 28 29 30 31 32 33 34 35 36 37 38 39 40 41 42 43 44 45 46 47 48 49 50 
 z
 2     0
 3     3  4
 4     0  1  0
 5     1  3  2  4
 6     0  2  0  1  0
 7     1  3  1  2  3  2
 8     0  2  0  3  0  1  0
 9     1  3  1  2  1  2  3  2
10     0  2  0  3  0  3  0  1  0
11     1  3  1  2  1  2  1  2  3  2
12     0  2  0  3  0  3  0  3  0  1  0
13     1  3  1  2  1  2  1  2  1  2  3  2
14     0  2  0  3  0  3  0  3  0  3  0  1  0
15     1  3  1  2  1  2  1  2  1  2  1  2  3  2
16     0  2  0  3  0  3  0  3  0  3  0  3  0  1  0
17     1  3  1  2  1  2  1  2  1  2  1  2  1  2  3  2
18     0  2  0  3  0  3  0  3  0  3  0  3  0  3  0  1  0
19     1  3  1  2  1  2  1  2  1  2  1  2  1  2  1  2  3  2
20     0  2  0  3  0  3  0  3  0  3  0  3  0  3  0  3  0  1  0
21     1  3  1  2  1  2  1  2  1  2  1  2  1  2  1  2  1  2  3  2
22     0  2  0  3  0  3  0  3  0  3  0  3  0  3  0  3  0  3  0  1  0
23     1  3  1  2  1  2  1  2  1  2  1  2  1  2  1  2  1  2  1  2  3  2
24     0  2  0  3  0  3  0  3  0  3  0  3  0  3  0  3  0  3  0  3  0  1  0
25     1  3  1  2  1  2  1  2  1  2  1  2  1  2  1  2  1  2  1  2  1  2  3  2
26     0  2  0  3  0  3  0  3  0  3  0  3  0  3  0  3  0  3  0  3  0  3  0  1  0
27     1  3  1  2  1  2  1  2  1  2  1  2  1  2  1  2  1  2  1  2  1  2  1  2  3  2
28     0  2  0  3  0  3  0  3  0  3  0  3  0  3  0  3  0  3  0  3  0  3  0  3  0  1  0
29     1  3  1  2  1  2  1  2  1  2  1  2  1  2  1  2  1  2  1  2  1  2  1  2  1  2  3  2
30     0  2  0  3  0  3  0  3  0  3  0  3  0  3  0  3  0  3  0  3  0  3  0  3  0  3  0  1  0
31     1  3  1  2  1  2  1  2  1  2  1  2  1  2  1  2  1  2  1  2  1  2  1  2  1  2  1  2  3  2
32     0  2  0  3  0  3  0  3  0  3  0  3  0  3  0  3  0  3  0  3  0  3  0  3  0  3  0  3  0  1  0
33     1  3  1  2  1  2  1  2  1  2  1  2  1  2  1  2  1  2  1  2  1  2  1  2  1  2  1  2  1  2  3  2
34     0  2  0  3  0  3  0  3  0  3  0  3  0  3  0  3  0  3  0  3  0  3  0  3  0  3  0  3  0  3  0  1  0
35     1  3  1  2  1  2  1  2  1  2  1  2  1  2  1  2  1  2  1  2  1  2  1  2  1  2  1  2  1  2  1  2  3  2
36     0  2  0  3  0  3  0  3  0  3  0  3  0  3  0  3  0  3  0  3  0  3  0  3  0  3  0  3  0  3  0  3  0  1  0
37     1  3  1  2  1  2  1  2  1  2  1  2  1  2  1  2  1  2  1  2  1  2  1  2  1  2  1  2  1  2  1  2  1  2  3  2
38     0  2  0  3  0  3  0  3  0  3  0  3  0  3  0  3  0  3  0  3  0  3  0  3  0  3  0  3  0  3  0  3  0  3  0  1  0
39     1  3  1  2  1  2  1  2  1  2  1  2  1  2  1  2  1  2  1  2  1  2  1  2  1  2  1  2  1  2  1  2  1  2  1  2  3  2
40     0  2  0  3  0  3  0  3  0  3  0  3  0  3  0  3  0  3  0  3  0  3  0  3  0  3  0  3  0  3  0  3  0  3  0  3  0  1  0
41     1  3  1  2  1  2  1  2  1  2  1  2  1  2  1  2  1  2  1  2  1  2  1  2  1  2  1  2  1  2  1  2  1  2  1  2  1  2  3  2
42     0  2  0  3  0  3  0  3  0  3  0  3  0  3  0  3  0  3  0  3  0  3  0  3  0  3  0  3  0  3  0  3  0  3  0  3  0  3  0  1  0
43     1  3  1  2  1  2  1  2  1  2  1  2  1  2  1  2  1  2  1  2  1  2  1  2  1  2  1  2  1  2  1  2  1  2  1  2  1  2  1  2  3  2
44     0  2  0  3  0  3  0  3  0  3  0  3  0  3  0  3  0  3  0  3  0  3  0  3  0  3  0  3  0  3  0  3  0  3  0  3  0  3  0  3  0  1  0
45     1  3  1  2  1  2  1  2  1  2  1  2  1  2  1  2  1  2  1  2  1  2  1  2  1  2  1  2  1  2  1  2  1  2  1  2  1  2  1  2  1  2  3  2
46     0  2  0  3  0  3  0  3  0  3  0  3  0  3  0  3  0  3  0  3  0  3  0  3  0  3  0  3  0  3  0  3  0  3  0  3  0  3  0  3  0  3  0  1  0
47     1  3  1  2  1  2  1  2  1  2  1  2  1  2  1  2  1  2  1  2  1  2  1  2  1  2  1  2  1  2  1  2  1  2  1  2  1  2  1  2  1  2  1  2  3  2
48     0  2  0  3  0  3  0  3  0  3  0  3  0  3  0  3  0  3  0  3  0  3  0  3  0  3  0  3  0  3  0  3  0  3  0  3  0  3  0  3  0  3  0  3  0  1  0
49     1  3  1  2  1  2  1  2  1  2  1  2  1  2  1  2  1  2  1  2  1  2  1  2  1  2  1  2  1  2  1  2  1  2  1  2  1  2  1  2  1  2  1  2  1  2  3  2
50     0  2  0  3  0  3  0  3  0  3  0  3  0  3  0  3  0  3  0  3  0  3  0  3  0  3  0  3  0  3  0  3  0  3  0  3  0  3  0  3  0  3  0  3  0  3  0  1  0

x value: 3
    y  3  4  5  6  7  8  9 10 11 12 13 14 15 16 17 18 19 20 21 22 23 24 25 26 27 28 29 30 31 32 33 34 35 36 37 38 39 40 41 42 43 44 45 46 47 48 49 50 
 z
 3     1
 4     2  5
 5     1  3  2
 6     3  2  4  1
 7     2  4  1  2  3
 8     3  5  2  3  4  1
 9     2  4  3  4  1  5  3
10     3  5  2  5  6  3  4  1
11     2  4  3  4  7  4  1  5  3
12     3  5  2  5  6  5  6  3  4  1
13     2  4  3  4  7  4  7  4  1  5  3
14     3  5  2  5  6  5  6  5  6  3  4  1
15     2  4  3  4  7  4  7  4  7  4  1  5  3
16     3  5  2  5  6  5  6  5  6  5  6  3  4  1
17     2  4  3  4  7  4  7  4  7  4  7  4  1  5  3
18     3  5  2  5  6  5  6  5  6  5  6  5  6  3  4  1
19     2  4  3  4  7  4  7  4  7  4  7  4  7  4  1  5  3
20     3  5  2  5  6  5  6  5  6  5  6  5  6  5  6  3  4  1
21     2  4  3  4  7  4  7  4  7  4  7  4  7  4  7  4  1  5  3
22     3  5  2  5  6  5  6  5  6  5  6  5  6  5  6  5  6  3  4  1
23     2  4  3  4  7  4  7  4  7  4  7  4  7  4  7  4  7  4  1  5  3
24     3  5  2  5  6  5  6  5  6  5  6  5  6  5  6  5  6  5  6  3  4  1
25     2  4  3  4  7  4  7  4  7  4  7  4  7  4  7  4  7  4  7  4  1  5  3
26     3  5  2  5  6  5  6  5  6  5  6  5  6  5  6  5  6  5  6  5  6  3  4  1
27     2  4  3  4  7  4  7  4  7  4  7  4  7  4  7  4  7  4  7  4  7  4  1  5  3
28     3  5  2  5  6  5  6  5  6  5  6  5  6  5  6  5  6  5  6  5  6  5  6  3  4  1
29     2  4  3  4  7  4  7  4  7  4  7  4  7  4  7  4  7  4  7  4  7  4  7  4  1  5  3
30     3  5  2  5  6  5  6  5  6  5  6  5  6  5  6  5  6  5  6  5  6  5  6  5  6  3  4  1
31     2  4  3  4  7  4  7  4  7  4  7  4  7  4  7  4  7  4  7  4  7  4  7  4  7  4  1  5  3
32     3  5  2  5  6  5  6  5  6  5  6  5  6  5  6  5  6  5  6  5  6  5  6  5  6  5  6  3  4  1
33     2  4  3  4  7  4  7  4  7  4  7  4  7  4  7  4  7  4  7  4  7  4  7  4  7  4  7  4  1  5  3
34     3  5  2  5  6  5  6  5  6  5  6  5  6  5  6  5  6  5  6  5  6  5  6  5  6  5  6  5  6  3  4  1
35     2  4  3  4  7  4  7  4  7  4  7  4  7  4  7  4  7  4  7  4  7  4  7  4  7  4  7  4  7  4  1  5  3
36     3  5  2  5  6  5  6  5  6  5  6  5  6  5  6  5  6  5  6  5  6  5  6  5  6  5  6  5  6  5  6  3  4  1
37     2  4  3  4  7  4  7  4  7  4  7  4  7  4  7  4  7  4  7  4  7  4  7  4  7  4  7  4  7  4  7  4  1  5  3
38     3  5  2  5  6  5  6  5  6  5  6  5  6  5  6  5  6  5  6  5  6  5  6  5  6  5  6  5  6  5  6  5  6  3  4  1
39     2  4  3  4  7  4  7  4  7  4  7  4  7  4  7  4  7  4  7  4  7  4  7  4  7  4  7  4  7  4  7  4  7  4  1  5  3
40     3  5  2  5  6  5  6  5  6  5  6  5  6  5  6  5  6  5  6  5  6  5  6  5  6  5  6  5  6  5  6  5  6  5  6  3  4  1
41     2  4  3  4  7  4  7  4  7  4  7  4  7  4  7  4  7  4  7  4  7  4  7  4  7  4  7  4  7  4  7  4  7  4  7  4  1  5  3
42     3  5  2  5  6  5  6  5  6  5  6  5  6  5  6  5  6  5  6  5  6  5  6  5  6  5  6  5  6  5  6  5  6  5  6  5  6  3  4  1
43     2  4  3  4  7  4  7  4  7  4  7  4  7  4  7  4  7  4  7  4  7  4  7  4  7  4  7  4  7  4  7  4  7  4  7  4  7  4  1  5  3
44     3  5  2  5  6  5  6  5  6  5  6  5  6  5  6  5  6  5  6  5  6  5  6  5  6  5  6  5  6  5  6  5  6  5  6  5  6  5  6  3  4  1
45     2  4  3  4  7  4  7  4  7  4  7  4  7  4  7  4  7  4  7  4  7  4  7  4  7  4  7  4  7  4  7  4  7  4  7  4  7  4  7  4  1  5  3
46     3  5  2  5  6  5  6  5  6  5  6  5  6  5  6  5  6  5  6  5  6  5  6  5  6  5  6  5  6  5  6  5  6  5  6  5  6  5  6  5  6  3  4  1
47     2  4  3  4  7  4  7  4  7  4  7  4  7  4  7  4  7  4  7  4  7  4  7  4  7  4  7  4  7  4  7  4  7  4  7  4  7  4  7  4  7  4  1  5  3
48     3  5  2  5  6  5  6  5  6  5  6  5  6  5  6  5  6  5  6  5  6  5  6  5  6  5  6  5  6  5  6  5  6  5  6  5  6  5  6  5  6  5  6  3  4  1
49     2  4  3  4  7  4  7  4  7  4  7  4  7  4  7  4  7  4  7  4  7  4  7  4  7  4  7  4  7  4  7  4  7  4  7  4  7  4  7  4  7  4  7  4  1  5  3
50     3  5  2  5  6  5  6  5  6  5  6  5  6  5  6  5  6  5  6  5  6  5  6  5  6  5  6  5  6  5  6  5  6  5  6  5  6  5  6  5  6  5  6  5  6  3  4  1

x value: 4
    y  4  5  6  7  8  9 10 11 12 13 14 15 16 17 18 19 20 21 22 23 24 25 26 27 28 29 30 31 32 33 34 35 36 37 38 39 40 41 42 43 44 45 46 47 48 49 50 
 z
 4     0
 5     4  1
 6     0  2  0
 7     2  4  1  2
 8     0  1  0  3  0
 9     1  2  3  4  1  2
10     0  3  0  1  0  3  0
11     1  2  1  3  2  4  1  2
12     0  3  0  2  0  1  0  3  0
13     1  2  1  3  1  2  3  2  1  2
14     0  3  0  2  0  3  0  1  0  3  0
15     1  2  1  3  1  2  1  2  3  2  1  2
16     0  3  0  2  0  3  0  3  0  1  0  3  0
17     1  2  1  3  1  2  1  2  1  2  3  2  1  2
18     0  3  0  2  0  3  0  3  0  3  0  1  0  3  0
19     1  2  1  3  1  2  1  2  1  2  1  2  3  2  1  2
20     0  3  0  2  0  3  0  3  0  3  0  3  0  1  0  3  0
21     1  2  1  3  1  2  1  2  1  2  1  2  1  2  3  2  1  2
22     0  3  0  2  0  3  0  3  0  3  0  3  0  3  0  1  0  3  0
23     1  2  1  3  1  2  1  2  1  2  1  2  1  2  1  2  3  2  1  2
24     0  3  0  2  0  3  0  3  0  3  0  3  0  3  0  3  0  1  0  3  0
25     1  2  1  3  1  2  1  2  1  2  1  2  1  2  1  2  1  2  3  2  1  2
26     0  3  0  2  0  3  0  3  0  3  0  3  0  3  0  3  0  3  0  1  0  3  0
27     1  2  1  3  1  2  1  2  1  2  1  2  1  2  1  2  1  2  1  2  3  2  1  2
28     0  3  0  2  0  3  0  3  0  3  0  3  0  3  0  3  0  3  0  3  0  1  0  3  0
29     1  2  1  3  1  2  1  2  1  2  1  2  1  2  1  2  1  2  1  2  1  2  3  2  1  2
30     0  3  0  2  0  3  0  3  0  3  0  3  0  3  0  3  0  3  0  3  0  3  0  1  0  3  0
31     1  2  1  3  1  2  1  2  1  2  1  2  1  2  1  2  1  2  1  2  1  2  1  2  3  2  1  2
32     0  3  0  2  0  3  0  3  0  3  0  3  0  3  0  3  0  3  0  3  0  3  0  3  0  1  0  3  0
33     1  2  1  3  1  2  1  2  1  2  1  2  1  2  1  2  1  2  1  2  1  2  1  2  1  2  3  2  1  2
34     0  3  0  2  0  3  0  3  0  3  0  3  0  3  0  3  0  3  0  3  0  3  0  3  0  3  0  1  0  3  0
35     1  2  1  3  1  2  1  2  1  2  1  2  1  2  1  2  1  2  1  2  1  2  1  2  1  2  1  2  3  2  1  2
36     0  3  0  2  0  3  0  3  0  3  0  3  0  3  0  3  0  3  0  3  0  3  0  3  0  3  0  3  0  1  0  3  0
37     1  2  1  3  1  2  1  2  1  2  1  2  1  2  1  2  1  2  1  2  1  2  1  2  1  2  1  2  1  2  3  2  1  2
38     0  3  0  2  0  3  0  3  0  3  0  3  0  3  0  3  0  3  0  3  0  3  0  3  0  3  0  3  0  3  0  1  0  3  0
39     1  2  1  3  1  2  1  2  1  2  1  2  1  2  1  2  1  2  1  2  1  2  1  2  1  2  1  2  1  2  1  2  3  2  1  2
40     0  3  0  2  0  3  0  3  0  3  0  3  0  3  0  3  0  3  0  3  0  3  0  3  0  3  0  3  0  3  0  3  0  1  0  3  0
41     1  2  1  3  1  2  1  2  1  2  1  2  1  2  1  2  1  2  1  2  1  2  1  2  1  2  1  2  1  2  1  2  1  2  3  2  1  2
42     0  3  0  2  0  3  0  3  0  3  0  3  0  3  0  3  0  3  0  3  0  3  0  3  0  3  0  3  0  3  0  3  0  3  0  1  0  3  0
43     1  2  1  3  1  2  1  2  1  2  1  2  1  2  1  2  1  2  1  2  1  2  1  2  1  2  1  2  1  2  1  2  1  2  1  2  3  2  1  2
44     0  3  0  2  0  3  0  3  0  3  0  3  0  3  0  3  0  3  0  3  0  3  0  3  0  3  0  3  0  3  0  3  0  3  0  3  0  1  0  3  0
45     1  2  1  3  1  2  1  2  1  2  1  2  1  2  1  2  1  2  1  2  1  2  1  2  1  2  1  2  1  2  1  2  1  2  1  2  1  2  3  2  1  2
46     0  3  0  2  0  3  0  3  0  3  0  3  0  3  0  3  0  3  0  3  0  3  0  3  0  3  0  3  0  3  0  3  0  3  0  3  0  3  0  1  0  3  0
47     1  2  1  3  1  2  1  2  1  2  1  2  1  2  1  2  1  2  1  2  1  2  1  2  1  2  1  2  1  2  1  2  1  2  1  2  1  2  1  2  3  2  1  2
48     0  3  0  2  0  3  0  3  0  3  0  3  0  3  0  3  0  3  0  3  0  3  0  3  0  3  0  3  0  3  0  3  0  3  0  3  0  3  0  3  0  1  0  3  0
49     1  2  1  3  1  2  1  2  1  2  1  2  1  2  1  2  1  2  1  2  1  2  1  2  1  2  1  2  1  2  1  2  1  2  1  2  1  2  1  2  1  2  3  2  1  2
50     0  3  0  2  0  3  0  3  0  3  0  3  0  3  0  3  0  3  0  3  0  3  0  3  0  3  0  3  0  3  0  3  0  3  0  3  0  3  0  3  0  3  0  1  0  3  0

x value: 5
    y  5  6  7  8  9 10 11 12 13 14 15 16 17 18 19 20 21 22 23 24 25 26 27 28 29 30 31 32 33 34 35 36 37 38 39 40 41 42 43 44 45 46 47 48 49 50 
 z
 5     2
 6     1  3
 7     2  4  1
 8     3  1  2  3
 9     1  2  3  4  1
10     2  3  4  1  2  3
11     3  4  1  3  5  4  1
12     2  5  3  2  4  1  2  3
13     3  4  2  4  1  2  3  4  1
14     2  5  3  5  2  3  4  1  5  3
15     3  4  2  4  3  4  1  5  3  4  1
16     2  5  3  5  2  5  6  3  4  1  5  3
17     3  4  2  4  3  4  7  4  1  5  3  4  1
18     2  5  3  5  2  5  6  5  6  3  4  1  5  3
19     3  4  2  4  3  4  7  4  7  4  1  5  3  4  1
20     2  5  3  5  2  5  6  5  6  5  6  3  4  1  5  3
21     3  4  2  4  3  4  7  4  7  4  7  4  1  5  3  4  1
22     2  5  3  5  2  5  6  5  6  5  6  5  6  3  4  1  5  3
23     3  4  2  4  3  4  7  4  7  4  7  4  7  4  1  5  3  4  1
24     2  5  3  5  2  5  6  5  6  5  6  5  6  5  6  3  4  1  5  3
25     3  4  2  4  3  4  7  4  7  4  7  4  7  4  7  4  1  5  3  4  1
26     2  5  3  5  2  5  6  5  6  5  6  5  6  5  6  5  6  3  4  1  5  3
27     3  4  2  4  3  4  7  4  7  4  7  4  7  4  7  4  7  4  1  5  3  4  1
28     2  5  3  5  2  5  6  5  6  5  6  5  6  5  6  5  6  5  6  3  4  1  5  3
29     3  4  2  4  3  4  7  4  7  4  7  4  7  4  7  4  7  4  7  4  1  5  3  4  1
30     2  5  3  5  2  5  6  5  6  5  6  5  6  5  6  5  6  5  6  5  6  3  4  1  5  3
31     3  4  2  4  3  4  7  4  7  4  7  4  7  4  7  4  7  4  7  4  7  4  1  5  3  4  1
32     2  5  3  5  2  5  6  5  6  5  6  5  6  5  6  5  6  5  6  5  6  5  6  3  4  1  5  3
33     3  4  2  4  3  4  7  4  7  4  7  4  7  4  7  4  7  4  7  4  7  4  7  4  1  5  3  4  1
34     2  5  3  5  2  5  6  5  6  5  6  5  6  5  6  5  6  5  6  5  6  5  6  5  6  3  4  1  5  3
35     3  4  2  4  3  4  7  4  7  4  7  4  7  4  7  4  7  4  7  4  7  4  7  4  7  4  1  5  3  4  1
36     2  5  3  5  2  5  6  5  6  5  6  5  6  5  6  5  6  5  6  5  6  5  6  5  6  5  6  3  4  1  5  3
37     3  4  2  4  3  4  7  4  7  4  7  4  7  4  7  4  7  4  7  4  7  4  7  4  7  4  7  4  1  5  3  4  1
38     2  5  3  5  2  5  6  5  6  5  6  5  6  5  6  5  6  5  6  5  6  5  6  5  6  5  6  5  6  3  4  1  5  3
39     3  4  2  4  3  4  7  4  7  4  7  4  7  4  7  4  7  4  7  4  7  4  7  4  7  4  7  4  7  4  1  5  3  4  1
40     2  5  3  5  2  5  6  5  6  5  6  5  6  5  6  5  6  5  6  5  6  5  6  5  6  5  6  5  6  5  6  3  4  1  5  3
41     3  4  2  4  3  4  7  4  7  4  7  4  7  4  7  4  7  4  7  4  7  4  7  4  7  4  7  4  7  4  7  4  1  5  3  4  1
42     2  5  3  5  2  5  6  5  6  5  6  5  6  5  6  5  6  5  6  5  6  5  6  5  6  5  6  5  6  5  6  5  6  3  4  1  5  3
43     3  4  2  4  3  4  7  4  7  4  7  4  7  4  7  4  7  4  7  4  7  4  7  4  7  4  7  4  7  4  7  4  7  4  1  5  3  4  1
44     2  5  3  5  2  5  6  5  6  5  6  5  6  5  6  5  6  5  6  5  6  5  6  5  6  5  6  5  6  5  6  5  6  5  6  3  4  1  5  3
45     3  4  2  4  3  4  7  4  7  4  7  4  7  4  7  4  7  4  7  4  7  4  7  4  7  4  7  4  7  4  7  4  7  4  7  4  1  5  3  4  1
46     2  5  3  5  2  5  6  5  6  5  6  5  6  5  6  5  6  5  6  5  6  5  6  5  6  5  6  5  6  5  6  5  6  5  6  5  6  3  4  1  5  3
47     3  4  2  4  3  4  7  4  7  4  7  4  7  4  7  4  7  4  7  4  7  4  7  4  7  4  7  4  7  4  7  4  7  4  7  4  7  4  1  5  3  4  1
48     2  5  3  5  2  5  6  5  6  5  6  5  6  5  6  5  6  5  6  5  6  5  6  5  6  5  6  5  6  5  6  5  6  5  6  5  6  5  6  3  4  1  5  3
49     3  4  2  4  3  4  7  4  7  4  7  4  7  4  7  4  7  4  7  4  7  4  7  4  7  4  7  4  7  4  7  4  7  4  7  4  7  4  7  4  1  5  3  4  1
50     2  5  3  5  2  5  6  5  6  5  6  5  6  5  6  5  6  5  6  5  6  5  6  5  6  5  6  5  6  5  6  5  6  5  6  5  6  5  6  5  6  3  4  1  5  3

x value: 6
    y  6  7  8  9 10 11 12 13 14 15 16 17 18 19 20 21 22 23 24 25 26 27 28 29 30 31 32 33 34 35 36 37 38 39 40 41 42 43 44 45 46 47 48 49 50 
 z
 6     0
 7     3  2
 8     0  1  0
 9     1  2  3  4
10     0  3  0  1  0
11     3  4  1  2  3  4
12     0  1  0  5  0  1  0
13     1  3  2  4  1  2  3  4
14     0  2  0  1  0  3  0  1  0
15     1  3  1  2  3  4  1  2  3  2
16     0  2  0  3  0  1  0  3  0  1  0
17     1  3  1  2  1  3  2  4  1  2  3  2
18     0  2  0  3  0  2  0  1  0  3  0  1  0
19     1  3  1  2  1  3  1  2  3  2  1  2  3  2
20     0  2  0  3  0  2  0  3  0  1  0  3  0  1  0
21     1  3  1  2  1  3  1  2  1  2  3  2  1  2  3  2
22     0  2  0  3  0  2  0  3  0  3  0  1  0  3  0  1  0
23     1  3  1  2  1  3  1  2  1  2  1  2  3  2  1  2  3  2
24     0  2  0  3  0  2  0  3  0  3  0  3  0  1  0  3  0  1  0
25     1  3  1  2  1  3  1  2  1  2  1  2  1  2  3  2  1  2  3  2
26     0  2  0  3  0  2  0  3  0  3  0  3  0  3  0  1  0  3  0  1  0
27     1  3  1  2  1  3  1  2  1  2  1  2  1  2  1  2  3  2  1  2  3  2
28     0  2  0  3  0  2  0  3  0  3  0  3  0  3  0  3  0  1  0  3  0  1  0
29     1  3  1  2  1  3  1  2  1  2  1  2  1  2  1  2  1  2  3  2  1  2  3  2
30     0  2  0  3  0  2  0  3  0  3  0  3  0  3  0  3  0  3  0  1  0  3  0  1  0
31     1  3  1  2  1  3  1  2  1  2  1  2  1  2  1  2  1  2  1  2  3  2  1  2  3  2
32     0  2  0  3  0  2  0  3  0  3  0  3  0  3  0  3  0  3  0  3  0  1  0  3  0  1  0
33     1  3  1  2  1  3  1  2  1  2  1  2  1  2  1  2  1  2  1  2  1  2  3  2  1  2  3  2
34     0  2  0  3  0  2  0  3  0  3  0  3  0  3  0  3  0  3  0  3  0  3  0  1  0  3  0  1  0
35     1  3  1  2  1  3  1  2  1  2  1  2  1  2  1  2  1  2  1  2  1  2  1  2  3  2  1  2  3  2
36     0  2  0  3  0  2  0  3  0  3  0  3  0  3  0  3  0  3  0  3  0  3  0  3  0  1  0  3  0  1  0
37     1  3  1  2  1  3  1  2  1  2  1  2  1  2  1  2  1  2  1  2  1  2  1  2  1  2  3  2  1  2  3  2
38     0  2  0  3  0  2  0  3  0  3  0  3  0  3  0  3  0  3  0  3  0  3  0  3  0  3  0  1  0  3  0  1  0
39     1  3  1  2  1  3  1  2  1  2  1  2  1  2  1  2  1  2  1  2  1  2  1  2  1  2  1  2  3  2  1  2  3  2
40     0  2  0  3  0  2  0  3  0  3  0  3  0  3  0  3  0  3  0  3  0  3  0  3  0  3  0  3  0  1  0  3  0  1  0
41     1  3  1  2  1  3  1  2  1  2  1  2  1  2  1  2  1  2  1  2  1  2  1  2  1  2  1  2  1  2  3  2  1  2  3  2
42     0  2  0  3  0  2  0  3  0  3  0  3  0  3  0  3  0  3  0  3  0  3  0  3  0  3  0  3  0  3  0  1  0  3  0  1  0
43     1  3  1  2  1  3  1  2  1  2  1  2  1  2  1  2  1  2  1  2  1  2  1  2  1  2  1  2  1  2  1  2  3  2  1  2  3  2
44     0  2  0  3  0  2  0  3  0  3  0  3  0  3  0  3  0  3  0  3  0  3  0  3  0  3  0  3  0  3  0  3  0  1  0  3  0  1  0
45     1  3  1  2  1  3  1  2  1  2  1  2  1  2  1  2  1  2  1  2  1  2  1  2  1  2  1  2  1  2  1  2  1  2  3  2  1  2  3  2
46     0  2  0  3  0  2  0  3  0  3  0  3  0  3  0  3  0  3  0  3  0  3  0  3  0  3  0  3  0  3  0  3  0  3  0  1  0  3  0  1  0
47     1  3  1  2  1  3  1  2  1  2  1  2  1  2  1  2  1  2  1  2  1  2  1  2  1  2  1  2  1  2  1  2  1  2  1  2  3  2  1  2  3  2
48     0  2  0  3  0  2  0  3  0  3  0  3  0  3  0  3  0  3  0  3  0  3  0  3  0  3  0  3  0  3  0  3  0  3  0  3  0  1  0  3  0  1  0
49     1  3  1  2  1  3  1  2  1  2  1  2  1  2  1  2  1  2  1  2  1  2  1  2  1  2  1  2  1  2  1  2  1  2  1  2  1  2  3  2  1  2  3  2
50     0  2  0  3  0  2  0  3  0  3  0  3  0  3  0  3  0  3  0  3  0  3  0  3  0  3  0  3  0  3  0  3  0  3  0  3  0  3  0  1  0  3  0  1  0

x value: 7
    y  7  8  9 10 11 12 13 14 15 16 17 18 19 20 21 22 23 24 25 26 27 28 29 30 31 32 33 34 35 36 37 38 39 40 41 42 43 44 45 46 47 48 49 50 
 z
 7     1
 8     2  4
 9     1  5  2
10     2  3  4  1
11     3  4  1  2  3
12     2  1  2  3  4  1
13     1  3  5  4  1  2  3
14     3  2  4  1  2  3  4  1
15     2  4  1  2  3  4  1  2  3
16     3  5  2  3  4  1  2  3  4  1
17     2  4  3  4  1  3  5  4  1  5  3
18     3  5  2  5  3  2  4  1  2  3  4  1
19     2  4  3  4  2  4  1  2  3  4  1  5  3
20     3  5  2  5  3  5  2  3  4  1  5  3  4  1
21     2  4  3  4  2  4  3  4  1  5  3  4  1  5  3
22     3  5  2  5  3  5  2  5  6  3  4  1  5  3  4  1
23     2  4  3  4  2  4  3  4  7  4  1  5  3  4  1  5  3
24     3  5  2  5  3  5  2  5  6  5  6  3  4  1  5  3  4  1
25     2  4  3  4  2  4  3  4  7  4  7  4  1  5  3  4  1  5  3
26     3  5  2  5  3  5  2  5  6  5  6  5  6  3  4  1  5  3  4  1
27     2  4  3  4  2  4  3  4  7  4  7  4  7  4  1  5  3  4  1  5  3
28     3  5  2  5  3  5  2  5  6  5  6  5  6  5  6  3  4  1  5  3  4  1
29     2  4  3  4  2  4  3  4  7  4  7  4  7  4  7  4  1  5  3  4  1  5  3
30     3  5  2  5  3  5  2  5  6  5  6  5  6  5  6  5  6  3  4  1  5  3  4  1
31     2  4  3  4  2  4  3  4  7  4  7  4  7  4  7  4  7  4  1  5  3  4  1  5  3
32     3  5  2  5  3  5  2  5  6  5  6  5  6  5  6  5  6  5  6  3  4  1  5  3  4  1
33     2  4  3  4  2  4  3  4  7  4  7  4  7  4  7  4  7  4  7  4  1  5  3  4  1  5  3
34     3  5  2  5  3  5  2  5  6  5  6  5  6  5  6  5  6  5  6  5  6  3  4  1  5  3  4  1
35     2  4  3  4  2  4  3  4  7  4  7  4  7  4  7  4  7  4  7  4  7  4  1  5  3  4  1  5  3
36     3  5  2  5  3  5  2  5  6  5  6  5  6  5  6  5  6  5  6  5  6  5  6  3  4  1  5  3  4  1
37     2  4  3  4  2  4  3  4  7  4  7  4  7  4  7  4  7  4  7  4  7  4  7  4  1  5  3  4  1  5  3
38     3  5  2  5  3  5  2  5  6  5  6  5  6  5  6  5  6  5  6  5  6  5  6  5  6  3  4  1  5  3  4  1
39     2  4  3  4  2  4  3  4  7  4  7  4  7  4  7  4  7  4  7  4  7  4  7  4  7  4  1  5  3  4  1  5  3
40     3  5  2  5  3  5  2  5  6  5  6  5  6  5  6  5  6  5  6  5  6  5  6  5  6  5  6  3  4  1  5  3  4  1
41     2  4  3  4  2  4  3  4  7  4  7  4  7  4  7  4  7  4  7  4  7  4  7  4  7  4  7  4  1  5  3  4  1  5  3
42     3  5  2  5  3  5  2  5  6  5  6  5  6  5  6  5  6  5  6  5  6  5  6  5  6  5  6  5  6  3  4  1  5  3  4  1
43     2  4  3  4  2  4  3  4  7  4  7  4  7  4  7  4  7  4  7  4  7  4  7  4  7  4  7  4  7  4  1  5  3  4  1  5  3
44     3  5  2  5  3  5  2  5  6  5  6  5  6  5  6  5  6  5  6  5  6  5  6  5  6  5  6  5  6  5  6  3  4  1  5  3  4  1
45     2  4  3  4  2  4  3  4  7  4  7  4  7  4  7  4  7  4  7  4  7  4  7  4  7  4  7  4  7  4  7  4  1  5  3  4  1  5  3
46     3  5  2  5  3  5  2  5  6  5  6  5  6  5  6  5  6  5  6  5  6  5  6  5  6  5  6  5  6  5  6  5  6  3  4  1  5  3  4  1
47     2  4  3  4  2  4  3  4  7  4  7  4  7  4  7  4  7  4  7  4  7  4  7  4  7  4  7  4  7  4  7  4  7  4  1  5  3  4  1  5  3
48     3  5  2  5  3  5  2  5  6  5  6  5  6  5  6  5  6  5  6  5  6  5  6  5  6  5  6  5  6  5  6  5  6  5  6  3  4  1  5  3  4  1
49     2  4  3  4  2  4  3  4  7  4  7  4  7  4  7  4  7  4  7  4  7  4  7  4  7  4  7  4  7  4  7  4  7  4  7  4  1  5  3  4  1  5  3
50     3  5  2  5  3  5  2  5  6  5  6  5  6  5  6  5  6  5  6  5  6  5  6  5  6  5  6  5  6  5  6  5  6  5  6  5  6  3  4  1  5  3  4  1

x value: 8
    y  8  9 10 11 12 13 14 15 16 17 18 19 20 21 22 23 24 25 26 27 28 29 30 31 32 33 34 35 36 37 38 39 40 41 42 43 44 45 46 47 48 49 50 
 z
 8     0
 9     3  1
10     0  2  0
11     3  4  1  2
12     0  1  0  3  0
13     1  3  5  4  1  2
14     0  2  0  1  0  3  0
15     2  4  1  2  3  4  1  2
16     0  1  0  3  0  1  0  3  0
17     1  2  3  4  1  2  3  4  1  2
18     0  3  0  1  0  5  0  1  0  3  0
19     1  2  1  3  2  4  1  2  3  4  1  2
20     0  3  0  2  0  1  0  3  0  1  0  3  0
21     1  2  1  3  1  2  3  4  1  2  3  2  1  2
22     0  3  0  2  0  3  0  1  0  3  0  1  0  3  0
23     1  2  1  3  1  2  1  3  2  4  1  2  3  2  1  2
24     0  3  0  2  0  3  0  2  0  1  0  3  0  1  0  3  0
25     1  2  1  3  1  2  1  3  1  2  3  2  1  2  3  2  1  2
26     0  3  0  2  0  3  0  2  0  3  0  1  0  3  0  1  0  3  0
27     1  2  1  3  1  2  1  3  1  2  1  2  3  2  1  2  3  2  1  2
28     0  3  0  2  0  3  0  2  0  3  0  3  0  1  0  3  0  1  0  3  0
29     1  2  1  3  1  2  1  3  1  2  1  2  1  2  3  2  1  2  3  2  1  2
30     0  3  0  2  0  3  0  2  0  3  0  3  0  3  0  1  0  3  0  1  0  3  0
31     1  2  1  3  1  2  1  3  1  2  1  2  1  2  1  2  3  2  1  2  3  2  1  2
32     0  3  0  2  0  3  0  2  0  3  0  3  0  3  0  3  0  1  0  3  0  1  0  3  0
33     1  2  1  3  1  2  1  3  1  2  1  2  1  2  1  2  1  2  3  2  1  2  3  2  1  2
34     0  3  0  2  0  3  0  2  0  3  0  3  0  3  0  3  0  3  0  1  0  3  0  1  0  3  0
35     1  2  1  3  1  2  1  3  1  2  1  2  1  2  1  2  1  2  1  2  3  2  1  2  3  2  1  2
36     0  3  0  2  0  3  0  2  0  3  0  3  0  3  0  3  0  3  0  3  0  1  0  3  0  1  0  3  0
37     1  2  1  3  1  2  1  3  1  2  1  2  1  2  1  2  1  2  1  2  1  2  3  2  1  2  3  2  1  2
38     0  3  0  2  0  3  0  2  0  3  0  3  0  3  0  3  0  3  0  3  0  3  0  1  0  3  0  1  0  3  0
39     1  2  1  3  1  2  1  3  1  2  1  2  1  2  1  2  1  2  1  2  1  2  1  2  3  2  1  2  3  2  1  2
40     0  3  0  2  0  3  0  2  0  3  0  3  0  3  0  3  0  3  0  3  0  3  0  3  0  1  0  3  0  1  0  3  0
41     1  2  1  3  1  2  1  3  1  2  1  2  1  2  1  2  1  2  1  2  1  2  1  2  1  2  3  2  1  2  3  2  1  2
42     0  3  0  2  0  3  0  2  0  3  0  3  0  3  0  3  0  3  0  3  0  3  0  3  0  3  0  1  0  3  0  1  0  3  0
43     1  2  1  3  1  2  1  3  1  2  1  2  1  2  1  2  1  2  1  2  1  2  1  2  1  2  1  2  3  2  1  2  3  2  1  2
44     0  3  0  2  0  3  0  2  0  3  0  3  0  3  0  3  0  3  0  3  0  3  0  3  0  3  0  3  0  1  0  3  0  1  0  3  0
45     1  2  1  3  1  2  1  3  1  2  1  2  1  2  1  2  1  2  1  2  1  2  1  2  1  2  1  2  1  2  3  2  1  2  3  2  1  2
46     0  3  0  2  0  3  0  2  0  3  0  3  0  3  0  3  0  3  0  3  0  3  0  3  0  3  0  3  0  3  0  1  0  3  0  1  0  3  0
47     1  2  1  3  1  2  1  3  1  2  1  2  1  2  1  2  1  2  1  2  1  2  1  2  1  2  1  2  1  2  1  2  3  2  1  2  3  2  1  2
48     0  3  0  2  0  3  0  2  0  3  0  3  0  3  0  3  0  3  0  3  0  3  0  3  0  3  0  3  0  3  0  3  0  1  0  3  0  1  0  3  0
49     1  2  1  3  1  2  1  3  1  2  1  2  1  2  1  2  1  2  1  2  1  2  1  2  1  2  1  2  1  2  1  2  1  2  3  2  1  2  3  2  1  2
50     0  3  0  2  0  3  0  2  0  3  0  3  0  3  0  3  0  3  0  3  0  3  0  3  0  3  0  3  0  3  0  3  0  3  0  1  0  3  0  1  0  3  0

x value: 9
    y  9 10 11 12 13 14 15 16 17 18 19 20 21 22 23 24 25 26 27 28 29 30 31 32 33 34 35 36 37 38 39 40 41 42 43 44 45 46 47 48 49 50 
 z
 9     2
10     1  4
11     2  3  1
12     4  1  2  3
13     1  2  3  4  1
14     3  4  6  1  2  3
15     2  5  1  2  3  4  1
16     3  1  2  3  4  1  2  3
17     1  2  3  4  1  2  3  4  1
18     2  3  4  1  2  3  4  1  2  3
19     3  4  1  3  5  4  1  2  3  4  1
20     2  5  3  2  4  1  2  3  4  1  2  3
21     3  4  2  4  1  2  3  4  1  2  3  4  1
22     2  5  3  5  2  3  4  1  2  3  4  1  5  3
23     3  4  2  4  3  4  1  3  5  4  1  5  3  4  1
24     2  5  3  5  2  5  3  2  4  1  2  3  4  1  5  3
25     3  4  2  4  3  4  2  4  1  2  3  4  1  5  3  4  1
26     2  5  3  5  2  5  3  5  2  3  4  1  5  3  4  1  5  3
27     3  4  2  4  3  4  2  4  3  4  1  5  3  4  1  5  3  4  1
28     2  5  3  5  2  5  3  5  2  5  6  3  4  1  5  3  4  1  5  3
29     3  4  2  4  3  4  2  4  3  4  7  4  1  5  3  4  1  5  3  4  1
30     2  5  3  5  2  5  3  5  2  5  6  5  6  3  4  1  5  3  4  1  5  3
31     3  4  2  4  3  4  2  4  3  4  7  4  7  4  1  5  3  4  1  5  3  4  1
32     2  5  3  5  2  5  3  5  2  5  6  5  6  5  6  3  4  1  5  3  4  1  5  3
33     3  4  2  4  3  4  2  4  3  4  7  4  7  4  7  4  1  5  3  4  1  5  3  4  1
34     2  5  3  5  2  5  3  5  2  5  6  5  6  5  6  5  6  3  4  1  5  3  4  1  5  3
35     3  4  2  4  3  4  2  4  3  4  7  4  7  4  7  4  7  4  1  5  3  4  1  5  3  4  1
36     2  5  3  5  2  5  3  5  2  5  6  5  6  5  6  5  6  5  6  3  4  1  5  3  4  1  5  3
37     3  4  2  4  3  4  2  4  3  4  7  4  7  4  7  4  7  4  7  4  1  5  3  4  1  5  3  4  1
38     2  5  3  5  2  5  3  5  2  5  6  5  6  5  6  5  6  5  6  5  6  3  4  1  5  3  4  1  5  3
39     3  4  2  4  3  4  2  4  3  4  7  4  7  4  7  4  7  4  7  4  7  4  1  5  3  4  1  5  3  4  1
40     2  5  3  5  2  5  3  5  2  5  6  5  6  5  6  5  6  5  6  5  6  5  6  3  4  1  5  3  4  1  5  3
41     3  4  2  4  3  4  2  4  3  4  7  4  7  4  7  4  7  4  7  4  7  4  7  4  1  5  3  4  1  5  3  4  1
42     2  5  3  5  2  5  3  5  2  5  6  5  6  5  6  5  6  5  6  5  6  5  6  5  6  3  4  1  5  3  4  1  5  3
43     3  4  2  4  3  4  2  4  3  4  7  4  7  4  7  4  7  4  7  4  7  4  7  4  7  4  1  5  3  4  1  5  3  4  1
44     2  5  3  5  2  5  3  5  2  5  6  5  6  5  6  5  6  5  6  5  6  5  6  5  6  5  6  3  4  1  5  3  4  1  5  3
45     3  4  2  4  3  4  2  4  3  4  7  4  7  4  7  4  7  4  7  4  7  4  7  4  7  4  7  4  1  5  3  4  1  5  3  4  1
46     2  5  3  5  2  5  3  5  2  5  6  5  6  5  6  5  6  5  6  5  6  5  6  5  6  5  6  5  6  3  4  1  5  3  4  1  5  3
47     3  4  2  4  3  4  2  4  3  4  7  4  7  4  7  4  7  4  7  4  7  4  7  4  7  4  7  4  7  4  1  5  3  4  1  5  3  4  1
48     2  5  3  5  2  5  3  5  2  5  6  5  6  5  6  5  6  5  6  5  6  5  6  5  6  5  6  5  6  5  6  3  4  1  5  3  4  1  5  3
49     3  4  2  4  3  4  2  4  3  4  7  4  7  4  7  4  7  4  7  4  7  4  7  4  7  4  7  4  7  4  7  4  1  5  3  4  1  5  3  4  1
50     2  5  3  5  2  5  3  5  2  5  6  5  6  5  6  5  6  5  6  5  6  5  6  5  6  5  6  5  6  5  6  5  6  3  4  1  5  3  4  1  5  3

x value: 10
    y 10 11 12 13 14 15 16 17 18 19 20 21 22 23 24 25 26 27 28 29 30 31 32 33 34 35 36 37 38 39 40 41 42 43 44 45 46 47 48 49 50 
 z
10     0
11     4  2
12     0  1  0
13     1  2  3  4
14     0  3  0  1  0
15     2  5  1  2  3  4
16     0  1  0  3  0  1  0
17     1  2  3  4  1  2  3  4
18     0  3  0  1  0  3  0  1  0
19     3  4  1  2  3  4  1  2  3  4
20     0  1  0  5  0  1  0  3  0  1  0
21     1  3  2  4  1  2  3  4  1  2  3  4
22     0  2  0  1  0  3  0  1  0  3  0  1  0
23     1  3  1  2  3  4  1  2  3  4  1  2  3  2
24     0  2  0  3  0  1  0  5  0  1  0  3  0  1  0
25     1  3  1  2  1  3  2  4  1  2  3  4  1  2  3  2
26     0  2  0  3  0  2  0  1  0  3  0  1  0  3  0  1  0
27     1  3  1  2  1  3  1  2  3  4  1  2  3  2  1  2  3  2
28     0  2  0  3  0  2  0  3  0  1  0  3  0  1  0  3  0  1  0
29     1  3  1  2  1  3  1  2  1  3  2  4  1  2  3  2  1  2  3  2
30     0  2  0  3  0  2  0  3  0  2  0  1  0  3  0  1  0  3  0  1  0
31     1  3  1  2  1  3  1  2  1  3  1  2  3  2  1  2  3  2  1  2  3  2
32     0  2  0  3  0  2  0  3  0  2  0  3  0  1  0  3  0  1  0  3  0  1  0
33     1  3  1  2  1  3  1  2  1  3  1  2  1  2  3  2  1  2  3  2  1  2  3  2
34     0  2  0  3  0  2  0  3  0  2  0  3  0  3  0  1  0  3  0  1  0  3  0  1  0
35     1  3  1  2  1  3  1  2  1  3  1  2  1  2  1  2  3  2  1  2  3  2  1  2  3  2
36     0  2  0  3  0  2  0  3  0  2  0  3  0  3  0  3  0  1  0  3  0  1  0  3  0  1  0
37     1  3  1  2  1  3  1  2  1  3  1  2  1  2  1  2  1  2  3  2  1  2  3  2  1  2  3  2
38     0  2  0  3  0  2  0  3  0  2  0  3  0  3  0  3  0  3  0  1  0  3  0  1  0  3  0  1  0
39     1  3  1  2  1  3  1  2  1  3  1  2  1  2  1  2  1  2  1  2  3  2  1  2  3  2  1  2  3  2
40     0  2  0  3  0  2  0  3  0  2  0  3  0  3  0  3  0  3  0  3  0  1  0  3  0  1  0  3  0  1  0
41     1  3  1  2  1  3  1  2  1  3  1  2  1  2  1  2  1  2  1  2  1  2  3  2  1  2  3  2  1  2  3  2
42     0  2  0  3  0  2  0  3  0  2  0  3  0  3  0  3  0  3  0  3  0  3  0  1  0  3  0  1  0  3  0  1  0
43     1  3  1  2  1  3  1  2  1  3  1  2  1  2  1  2  1  2  1  2  1  2  1  2  3  2  1  2  3  2  1  2  3  2
44     0  2  0  3  0  2  0  3  0  2  0  3  0  3  0  3  0  3  0  3  0  3  0  3  0  1  0  3  0  1  0  3  0  1  0
45     1  3  1  2  1  3  1  2  1  3  1  2  1  2  1  2  1  2  1  2  1  2  1  2  1  2  3  2  1  2  3  2  1  2  3  2
46     0  2  0  3  0  2  0  3  0  2  0  3  0  3  0  3  0  3  0  3  0  3  0  3  0  3  0  1  0  3  0  1  0  3  0  1  0
47     1  3  1  2  1  3  1  2  1  3  1  2  1  2  1  2  1  2  1  2  1  2  1  2  1  2  1  2  3  2  1  2  3  2  1  2  3  2
48     0  2  0  3  0  2  0  3  0  2  0  3  0  3  0  3  0  3  0  3  0  3  0  3  0  3  0  3  0  1  0  3  0  1  0  3  0  1  0
49     1  3  1  2  1  3  1  2  1  3  1  2  1  2  1  2  1  2  1  2  1  2  1  2  1  2  1  2  1  2  3  2  1  2  3  2  1  2  3  2
50     0  2  0  3  0  2  0  3  0  2  0  3  0  3  0  3  0  3  0  3  0  3  0  3  0  3  0  3  0  3  0  1  0  3  0  1  0  3  0  1  0

x value: 11
    y 11 12 13 14 15 16 17 18 19 20 21 22 23 24 25 26 27 28 29 30 31 32 33 34 35 36 37 38 39 40 41 42 43 44 45 46 47 48 49 50 
 z
11     1
12     2  3
13     1  4  2
14     2  3  5  1
15     3  4  1  2  3
16     4  1  2  3  4  1
17     1  2  3  4  1  2  3
18     2  3  4  1  2  3  4  1
19     3  4  1  2  3  4  1  2  3
20     2  1  2  3  4  1  2  3  4  1
21     1  3  5  4  1  2  3  4  1  2  3
22     3  2  4  1  2  3  4  1  2  3  4  1
23     2  4  1  2  3  4  1  2  3  4  1  2  3
24     3  5  2  3  4  1  2  3  4  1  2  3  4  1
25     2  4  3  4  1  3  5  4  1  2  3  4  1  5  3
26     3  5  2  5  3  2  4  1  2  3  4  1  2  3  4  1
27     2  4  3  4  2  4  1  2  3  4  1  2  3  4  1  5  3
28     3  5  2  5  3  5  2  3  4  1  2  3  4  1  5  3  4  1
29     2  4  3  4  2  4  3  4  1  3  5  4  1  5  3  4  1  5  3
30     3  5  2  5  3  5  2  5  3  2  4  1  2  3  4  1  5  3  4  1
31     2  4  3  4  2  4  3  4  2  4  1  2  3  4  1  5  3  4  1  5  3
32     3  5  2  5  3  5  2  5  3  5  2  3  4  1  5  3  4  1  5  3  4  1
33     2  4  3  4  2  4  3  4  2  4  3  4  1  5  3  4  1  5  3  4  1  5  3
34     3  5  2  5  3  5  2  5  3  5  2  5  6  3  4  1  5  3  4  1  5  3  4  1
35     2  4  3  4  2  4  3  4  2  4  3  4  7  4  1  5  3  4  1  5  3  4  1  5  3
36     3  5  2  5  3  5  2  5  3  5  2  5  6  5  6  3  4  1  5  3  4  1  5  3  4  1
37     2  4  3  4  2  4  3  4  2  4  3  4  7  4  7  4  1  5  3  4  1  5  3  4  1  5  3
38     3  5  2  5  3  5  2  5  3  5  2  5  6  5  6  5  6  3  4  1  5  3  4  1  5  3  4  1
39     2  4  3  4  2  4  3  4  2  4  3  4  7  4  7  4  7  4  1  5  3  4  1  5  3  4  1  5  3
40     3  5  2  5  3  5  2  5  3  5  2  5  6  5  6  5  6  5  6  3  4  1  5  3  4  1  5  3  4  1
41     2  4  3  4  2  4  3  4  2  4  3  4  7  4  7  4  7  4  7  4  1  5  3  4  1  5  3  4  1  5  3
42     3  5  2  5  3  5  2  5  3  5  2  5  6  5  6  5  6  5  6  5  6  3  4  1  5  3  4  1  5  3  4  1
43     2  4  3  4  2  4  3  4  2  4  3  4  7  4  7  4  7  4  7  4  7  4  1  5  3  4  1  5  3  4  1  5  3
44     3  5  2  5  3  5  2  5  3  5  2  5  6  5  6  5  6  5  6  5  6  5  6  3  4  1  5  3  4  1  5  3  4  1
45     2  4  3  4  2  4  3  4  2  4  3  4  7  4  7  4  7  4  7  4  7  4  7  4  1  5  3  4  1  5  3  4  1  5  3
46     3  5  2  5  3  5  2  5  3  5  2  5  6  5  6  5  6  5  6  5  6  5  6  5  6  3  4  1  5  3  4  1  5  3  4  1
47     2  4  3  4  2  4  3  4  2  4  3  4  7  4  7  4  7  4  7  4  7  4  7  4  7  4  1  5  3  4  1  5  3  4  1  5  3
48     3  5  2  5  3  5  2  5  3  5  2  5  6  5  6  5  6  5  6  5  6  5  6  5  6  5  6  3  4  1  5  3  4  1  5  3  4  1
49     2  4  3  4  2  4  3  4  2  4  3  4  7  4  7  4  7  4  7  4  7  4  7  4  7  4  7  4  1  5  3  4  1  5  3  4  1  5  3
50     3  5  2  5  3  5  2  5  3  5  2  5  6  5  6  5  6  5  6  5  6  5  6  5  6  5  6  5  6  3  4  1  5  3  4  1  5  3  4  1

x value: 12
    y 12 13 14 15 16 17 18 19 20 21 22 23 24 25 26 27 28 29 30 31 32 33 34 35 36 37 38 39 40 41 42 43 44 45 46 47 48 49 50 
 z
12     0
13     3  1
14     0  2  0
15     3  5  1  2
16     0  1  0  3  0
17     1  2  3  4  1  2
18     0  3  0  1  0  3  0
19     3  4  1  2  3  4  1  2
20     0  1  0  3  0  1  0  3  0
21     1  3  5  4  1  2  3  4  1  2
22     0  2  0  1  0  3  0  1  0  3  0
23     2  4  1  2  3  4  1  2  3  4  1  2
24     0  1  0  3  0  1  0  3  0  1  0  3  0
25     1  2  3  4  1  2  3  4  1  2  3  4  1  2
26     0  3  0  1  0  5  0  1  0  3  0  1  0  3  0
27     1  2  1  3  2  4  1  2  3  4  1  2  3  4  1  2
28     0  3  0  2  0  1  0  3  0  1  0  3  0  1  0  3  0
29     1  2  1  3  1  2  3  4  1  2  3  4  1  2  3  2  1  2
30     0  3  0  2  0  3  0  1  0  5  0  1  0  3  0  1  0  3  0
31     1  2  1  3  1  2  1  3  2  4  1  2  3  4  1  2  3  2  1  2
32     0  3  0  2  0  3  0  2  0  1  0  3  0  1  0  3  0  1  0  3  0
33     1  2  1  3  1  2  1  3  1  2  3  4  1  2  3  2  1  2  3  2  1  2
34     0  3  0  2  0  3  0  2  0  3  0  1  0  3  0  1  0  3  0  1  0  3  0
35     1  2  1  3  1  2  1  3  1  2  1  3  2  4  1  2  3  2  1  2  3  2  1  2
36     0  3  0  2  0  3  0  2  0  3  0  2  0  1  0  3  0  1  0  3  0  1  0  3  0
37     1  2  1  3  1  2  1  3  1  2  1  3  1  2  3  2  1  2  3  2  1  2  3  2  1  2
38     0  3  0  2  0  3  0  2  0  3  0  2  0  3  0  1  0  3  0  1  0  3  0  1  0  3  0
39     1  2  1  3  1  2  1  3  1  2  1  3  1  2  1  2  3  2  1  2  3  2  1  2  3  2  1  2
40     0  3  0  2  0  3  0  2  0  3  0  2  0  3  0  3  0  1  0  3  0  1  0  3  0  1  0  3  0
41     1  2  1  3  1  2  1  3  1  2  1  3  1  2  1  2  1  2  3  2  1  2  3  2  1  2  3  2  1  2
42     0  3  0  2  0  3  0  2  0  3  0  2  0  3  0  3  0  3  0  1  0  3  0  1  0  3  0  1  0  3  0
43     1  2  1  3  1  2  1  3  1  2  1  3  1  2  1  2  1  2  1  2  3  2  1  2  3  2  1  2  3  2  1  2
44     0  3  0  2  0  3  0  2  0  3  0  2  0  3  0  3  0  3  0  3  0  1  0  3  0  1  0  3  0  1  0  3  0
45     1  2  1  3  1  2  1  3  1  2  1  3  1  2  1  2  1  2  1  2  1  2  3  2  1  2  3  2  1  2  3  2  1  2
46     0  3  0  2  0  3  0  2  0  3  0  2  0  3  0  3  0  3  0  3  0  3  0  1  0  3  0  1  0  3  0  1  0  3  0
47     1  2  1  3  1  2  1  3  1  2  1  3  1  2  1  2  1  2  1  2  1  2  1  2  3  2  1  2  3  2  1  2  3  2  1  2
48     0  3  0  2  0  3  0  2  0  3  0  2  0  3  0  3  0  3  0  3  0  3  0  3  0  1  0  3  0  1  0  3  0  1  0  3  0
49     1  2  1  3  1  2  1  3  1  2  1  3  1  2  1  2  1  2  1  2  1  2  1  2  1  2  3  2  1  2  3  2  1  2  3  2  1  2
50     0  3  0  2  0  3  0  2  0  3  0  2  0  3  0  3  0  3  0  3  0  3  0  3  0  3  0  1  0  3  0  1  0  3  0  1  0  3  0

x value: 13
    y 13 14 15 16 17 18 19 20 21 22 23 24 25 26 27 28 29 30 31 32 33 34 35 36 37 38 39 40 41 42 43 44 45 46 47 48 49 50 
 z
13     2
14     1  4
15     2  3  1
16     4  1  2  3
17     1  2  3  4  1
18     2  3  4  1  2  3
19     3  4  1  2  3  4  1
20     2  1  2  3  4  1  2  3
21     1  3  5  4  1  2  3  4  1
22     3  2  4  1  2  3  4  1  2  3
23     2  4  1  2  3  4  1  2  3  4  1
24     3  1  2  3  4  1  2  3  4  1  2  3
25     1  2  3  4  1  2  3  4  1  2  3  4  1
26     2  3  4  1  2  3  4  1  2  3  4  1  2  3
27     3  4  1  3  5  4  1  2  3  4  1  2  3  4  1
28     2  5  3  2  4  1  2  3  4  1  2  3  4  1  2  3
29     3  4  2  4  1  2  3  4  1  2  3  4  1  2  3  4  1
30     2  5  3  5  2  3  4  1  2  3  4  1  2  3  4  1  5  3
31     3  4  2  4  3  4  1  3  5  4  1  2  3  4  1  5  3  4  1
32     2  5  3  5  2  5  3  2  4  1  2  3  4  1  2  3  4  1  5  3
33     3  4  2  4  3  4  2  4  1  2  3  4  1  2  3  4  1  5  3  4  1
34     2  5  3  5  2  5  3  5  2  3  4  1  2  3  4  1  5  3  4  1  5  3
35     3  4  2  4  3  4  2  4  3  4  1  3  5  4  1  5  3  4  1  5  3  4  1
36     2  5  3  5  2  5  3  5  2  5  3  2  4  1  2  3  4  1  5  3  4  1  5  3
37     3  4  2  4  3  4  2  4  3  4  2  4  1  2  3  4  1  5  3  4  1  5  3  4  1
38     2  5  3  5  2  5  3  5  2  5  3  5  2  3  4  1  5  3  4  1  5  3  4  1  5  3
39     3  4  2  4  3  4  2  4  3  4  2  4  3  4  1  5  3  4  1  5  3  4  1  5  3  4  1
40     2  5  3  5  2  5  3  5  2  5  3  5  2  5  6  3  4  1  5  3  4  1  5  3  4  1  5  3
41     3  4  2  4  3  4  2  4  3  4  2  4  3  4  7  4  1  5  3  4  1  5  3  4  1  5  3  4  1
42     2  5  3  5  2  5  3  5  2  5  3  5  2  5  6  5  6  3  4  1  5  3  4  1  5  3  4  1  5  3
43     3  4  2  4  3  4  2  4  3  4  2  4  3  4  7  4  7  4  1  5  3  4  1  5  3  4  1  5  3  4  1
44     2  5  3  5  2  5  3  5  2  5  3  5  2  5  6  5  6  5  6  3  4  1  5  3  4  1  5  3  4  1  5  3
45     3  4  2  4  3  4  2  4  3  4  2  4  3  4  7  4  7  4  7  4  1  5  3  4  1  5  3  4  1  5  3  4  1
46     2  5  3  5  2  5  3  5  2  5  3  5  2  5  6  5  6  5  6  5  6  3  4  1  5  3  4  1  5  3  4  1  5  3
47     3  4  2  4  3  4  2  4  3  4  2  4  3  4  7  4  7  4  7  4  7  4  1  5  3  4  1  5  3  4  1  5  3  4  1
48     2  5  3  5  2  5  3  5  2  5  3  5  2  5  6  5  6  5  6  5  6  5  6  3  4  1  5  3  4  1  5  3  4  1  5  3
49     3  4  2  4  3  4  2  4  3  4  2  4  3  4  7  4  7  4  7  4  7  4  7  4  1  5  3  4  1  5  3  4  1  5  3  4  1
50     2  5  3  5  2  5  3  5  2  5  3  5  2  5  6  5  6  5  6  5  6  5  6  5  6  3  4  1  5  3  4  1  5  3  4  1  5  3

x value: 14
    y 14 15 16 17 18 19 20 21 22 23 24 25 26 27 28 29 30 31 32 33 34 35 36 37 38 39 40 41 42 43 44 45 46 47 48 49 50 
 z
14     0
15     4  2
16     0  1  0
17     1  2  3  4
18     0  3  0  1  0
19     3  4  1  2  3  4
20     0  1  0  3  0  1  0
21     1  3  5  4  1  2  3  4
22     0  2  0  1  0  3  0  1  0
23     2  4  1  2  3  4  1  2  3  4
24     0  1  0  3  0  1  0  3  0  1  0
25     1  2  3  4  1  2  3  4  1  2  3  4
26     0  3  0  1  0  3  0  1  0  3  0  1  0
27     3  4  1  2  3  4  1  2  3  4  1  2  3  4
28     0  1  0  5  0  1  0  3  0  1  0  3  0  1  0
29     1  3  2  4  1  2  3  4  1  2  3  4  1  2  3  4
30     0  2  0  1  0  3  0  1  0  3  0  1  0  3  0  1  0
31     1  3  1  2  3  4  1  2  3  4  1  2  3  4  1  2  3  2
32     0  2  0  3  0  1  0  5  0  1  0  3  0  1  0  3  0  1  0
33     1  3  1  2  1  3  2  4  1  2  3  4  1  2  3  4  1  2  3  2
34     0  2  0  3  0  2  0  1  0  3  0  1  0  3  0  1  0  3  0  1  0
35     1  3  1  2  1  3  1  2  3  4  1  2  3  4  1  2  3  2  1  2  3  2
36     0  2  0  3  0  2  0  3  0  1  0  5  0  1  0  3  0  1  0  3  0  1  0
37     1  3  1  2  1  3  1  2  1  3  2  4  1  2  3  4  1  2  3  2  1  2  3  2
38     0  2  0  3  0  2  0  3  0  2  0  1  0  3  0  1  0  3  0  1  0  3  0  1  0
39     1  3  1  2  1  3  1  2  1  3  1  2  3  4  1  2  3  2  1  2  3  2  1  2  3  2
40     0  2  0  3  0  2  0  3  0  2  0  3  0  1  0  3  0  1  0  3  0  1  0  3  0  1  0
41     1  3  1  2  1  3  1  2  1  3  1  2  1  3  2  4  1  2  3  2  1  2  3  2  1  2  3  2
42     0  2  0  3  0  2  0  3  0  2  0  3  0  2  0  1  0  3  0  1  0  3  0  1  0  3  0  1  0
43     1  3  1  2  1  3  1  2  1  3  1  2  1  3  1  2  3  2  1  2  3  2  1  2  3  2  1  2  3  2
44     0  2  0  3  0  2  0  3  0  2  0  3  0  2  0  3  0  1  0  3  0  1  0  3  0  1  0  3  0  1  0
45     1  3  1  2  1  3  1  2  1  3  1  2  1  3  1  2  1  2  3  2  1  2  3  2  1  2  3  2  1  2  3  2
46     0  2  0  3  0  2  0  3  0  2  0  3  0  2  0  3  0  3  0  1  0  3  0  1  0  3  0  1  0  3  0  1  0
47     1  3  1  2  1  3  1  2  1  3  1  2  1  3  1  2  1  2  1  2  3  2  1  2  3  2  1  2  3  2  1  2  3  2
48     0  2  0  3  0  2  0  3  0  2  0  3  0  2  0  3  0  3  0  3  0  1  0  3  0  1  0  3  0  1  0  3  0  1  0
49     1  3  1  2  1  3  1  2  1  3  1  2  1  3  1  2  1  2  1  2  1  2  3  2  1  2  3  2  1  2  3  2  1  2  3  2
50     0  2  0  3  0  2  0  3  0  2  0  3  0  2  0  3  0  3  0  3  0  3  0  1  0  3  0  1  0  3  0  1  0  3  0  1  0

x value: 15
    y 15 16 17 18 19 20 21 22 23 24 25 26 27 28 29 30 31 32 33 34 35 36 37 38 39 40 41 42 43 44 45 46 47 48 49 50 
 z
15     1
16     2  3
17     1  4  2
18     2  3  5  1
19     3  4  1  2  3
20     2  1  2  3  4  1
21     1  3  5  4  1  2  3
22     3  2  4  1  2  3  4  1
23     2  4  1  2  3  4  1  2  3
24     3  1  2  3  4  1  2  3  4  1
25     1  2  3  4  1  2  3  4  1  2  3
26     2  3  4  1  2  3  4  1  2  3  4  1
27     3  4  1  2  3  4  1  2  3  4  1  2  3
28     2  1  2  3  4  1  2  3  4  1  2  3  4  1
29     1  3  5  4  1  2  3  4  1  2  3  4  1  2  3
30     3  2  4  1  2  3  4  1  2  3  4  1  2  3  4  1
31     2  4  1  2  3  4  1  2  3  4  1  2  3  4  1  2  3
32     3  5  2  3  4  1  2  3  4  1  2  3  4  1  2  3  4  1
33     2  4  3  4  1  3  5  4  1  2  3  4  1  2  3  4  1  5  3
34     3  5  2  5  3  2  4  1  2  3  4  1  2  3  4  1  2  3  4  1
35     2  4  3  4  2  4  1  2  3  4  1  2  3  4  1  2  3  4  1  5  3
36     3  5  2  5  3  5  2  3  4  1  2  3  4  1  2  3  4  1  5  3  4  1
37     2  4  3  4  2  4  3  4  1  3  5  4  1  2  3  4  1  5  3  4  1  5  3
38     3  5  2  5  3  5  2  5  3  2  4  1  2  3  4  1  2  3  4  1  5  3  4  1
39     2  4  3  4  2  4  3  4  2  4  1  2  3  4  1  2  3  4  1  5  3  4  1  5  3
40     3  5  2  5  3  5  2  5  3  5  2  3  4  1  2  3  4  1  5  3  4  1  5  3  4  1
41     2  4  3  4  2  4  3  4  2  4  3  4  1  3  5  4  1  5  3  4  1  5  3  4  1  5  3
42     3  5  2  5  3  5  2  5  3  5  2  5  3  2  4  1  2  3  4  1  5  3  4  1  5  3  4  1
43     2  4  3  4  2  4  3  4  2  4  3  4  2  4  1  2  3  4  1  5  3  4  1  5  3  4  1  5  3
44     3  5  2  5  3  5  2  5  3  5  2  5  3  5  2  3  4  1  5  3  4  1  5  3  4  1  5  3  4  1
45     2  4  3  4  2  4  3  4  2  4  3  4  2  4  3  4  1  5  3  4  1  5  3  4  1  5  3  4  1  5  3
46     3  5  2  5  3  5  2  5  3  5  2  5  3  5  2  5  6  3  4  1  5  3  4  1  5  3  4  1  5  3  4  1
47     2  4  3  4  2  4  3  4  2  4  3  4  2  4  3  4  7  4  1  5  3  4  1  5  3  4  1  5  3  4  1  5  3
48     3  5  2  5  3  5  2  5  3  5  2  5  3  5  2  5  6  5  6  3  4  1  5  3  4  1  5  3  4  1  5  3  4  1
49     2  4  3  4  2  4  3  4  2  4  3  4  2  4  3  4  7  4  7  4  1  5  3  4  1  5  3  4  1  5  3  4  1  5  3
50     3  5  2  5  3  5  2  5  3  5  2  5  3  5  2  5  6  5  6  5  6  3  4  1  5  3  4  1  5  3  4  1  5  3  4  1

x value: 16
    y 16 17 18 19 20 21 22 23 24 25 26 27 28 29 30 31 32 33 34 35 36 37 38 39 40 41 42 43 44 45 46 47 48 49 50 
 z
16     0
17     3  1
18     0  2  0
19     3  5  1  2
20     0  1  0  3  0
21     1  3  5  4  1  2
22     0  2  0  1  0  3  0
23     2  4  1  2  3  4  1  2
24     0  1  0  3  0  1  0  3  0
25     1  2  3  4  1  2  3  4  1  2
26     0  3  0  1  0  3  0  1  0  3  0
27     3  4  1  2  3  4  1  2  3  4  1  2
28     0  1  0  3  0  1  0  3  0  1  0  3  0
29     1  3  5  4  1  2  3  4  1  2  3  4  1  2
30     0  2  0  1  0  3  0  1  0  3  0  1  0  3  0
31     2  4  1  2  3  4  1  2  3  4  1  2  3  4  1  2
32     0  1  0  3  0  1  0  3  0  1  0  3  0  1  0  3  0
33     1  2  3  4  1  2  3  4  1  2  3  4  1  2  3  4  1  2
34     0  3  0  1  0  5  0  1  0  3  0  1  0  3  0  1  0  3  0
35     1  2  1  3  2  4  1  2  3  4  1  2  3  4  1  2  3  4  1  2
36     0  3  0  2  0  1  0  3  0  1  0  3  0  1  0  3  0  1  0  3  0
37     1  2  1  3  1  2  3  4  1  2  3  4  1  2  3  4  1  2  3  2  1  2
38     0  3  0  2  0  3  0  1  0  5  0  1  0  3  0  1  0  3  0  1  0  3  0
39     1  2  1  3  1  2  1  3  2  4  1  2  3  4  1  2  3  4  1  2  3  2  1  2
40     0  3  0  2  0  3  0  2  0  1  0  3  0  1  0  3  0  1  0  3  0  1  0  3  0
41     1  2  1  3  1  2  1  3  1  2  3  4  1  2  3  4  1  2  3  2  1  2  3  2  1  2
42     0  3  0  2  0  3  0  2  0  3  0  1  0  5  0  1  0  3  0  1  0  3  0  1  0  3  0
43     1  2  1  3  1  2  1  3  1  2  1  3  2  4  1  2  3  4  1  2  3  2  1  2  3  2  1  2
44     0  3  0  2  0  3  0  2  0  3  0  2  0  1  0  3  0  1  0  3  0  1  0  3  0  1  0  3  0
45     1  2  1  3  1  2  1  3  1  2  1  3  1  2  3  4  1  2  3  2  1  2  3  2  1  2  3  2  1  2
46     0  3  0  2  0  3  0  2  0  3  0  2  0  3  0  1  0  3  0  1  0  3  0  1  0  3  0  1  0  3  0
47     1  2  1  3  1  2  1  3  1  2  1  3  1  2  1  3  2  4  1  2  3  2  1  2  3  2  1  2  3  2  1  2
48     0  3  0  2  0  3  0  2  0  3  0  2  0  3  0  2  0  1  0  3  0  1  0  3  0  1  0  3  0  1  0  3  0
49     1  2  1  3  1  2  1  3  1  2  1  3  1  2  1  3  1  2  3  2  1  2  3  2  1  2  3  2  1  2  3  2  1  2
50     0  3  0  2  0  3  0  2  0  3  0  2  0  3  0  2  0  3  0  1  0  3  0  1  0  3  0  1  0  3  0  1  0  3  0

x value: 17
    y 17 18 19 20 21 22 23 24 25 26 27 28 29 30 31 32 33 34 35 36 37 38 39 40 41 42 43 44 45 46 47 48 49 50 
 z
17     2
18     1  4
19     2  3  1
20     4  1  2  3
21     1  2  3  4  1
22     3  4  6  1  2  3
23     2  5  1  2  3  4  1
24     3  1  2  3  4  1  2  3
25     1  2  3  4  1  2  3  4  1
26     2  3  4  1  2  3  4  1  2  3
27     3  4  1  2  3  4  1  2  3  4  1
28     2  1  2  3  4  1  2  3  4  1  2  3
29     1  3  5  4  1  2  3  4  1  2  3  4  1
30     3  2  4  1  2  3  4  1  2  3  4  1  2  3
31     2  4  1  2  3  4  1  2  3  4  1  2  3  4  1
32     3  1  2  3  4  1  2  3  4  1  2  3  4  1  2  3
33     1  2  3  4  1  2  3  4  1  2  3  4  1  2  3  4  1
34     2  3  4  1  2  3  4  1  2  3  4  1  2  3  4  1  2  3
35     3  4  1  3  5  4  1  2  3  4  1  2  3  4  1  2  3  4  1
36     2  5  3  2  4  1  2  3  4  1  2  3  4  1  2  3  4  1  2  3
37     3  4  2  4  1  2  3  4  1  2  3  4  1  2  3  4  1  2  3  4  1
38     2  5  3  5  2  3  4  1  2  3  4  1  2  3  4  1  2  3  4  1  5  3
39     3  4  2  4  3  4  1  3  5  4  1  2  3  4  1  2  3  4  1  5  3  4  1
40     2  5  3  5  2  5  3  2  4  1  2  3  4  1  2  3  4  1  2  3  4  1  5  3
41     3  4  2  4  3  4  2  4  1  2  3  4  1  2  3  4  1  2  3  4  1  5  3  4  1
42     2  5  3  5  2  5  3  5  2  3  4  1  2  3  4  1  2  3  4  1  5  3  4  1  5  3
43     3  4  2  4  3  4  2  4  3  4  1  3  5  4  1  2  3  4  1  5  3  4  1  5  3  4  1
44     2  5  3  5  2  5  3  5  2  5  3  2  4  1  2  3  4  1  2  3  4  1  5  3  4  1  5  3
45     3  4  2  4  3  4  2  4  3  4  2  4  1  2  3  4  1  2  3  4  1  5  3  4  1  5  3  4  1
46     2  5  3  5  2  5  3  5  2  5  3  5  2  3  4  1  2  3  4  1  5  3  4  1  5  3  4  1  5  3
47     3  4  2  4  3  4  2  4  3  4  2  4  3  4  1  3  5  4  1  5  3  4  1  5  3  4  1  5  3  4  1
48     2  5  3  5  2  5  3  5  2  5  3  5  2  5  3  2  4  1  2  3  4  1  5  3  4  1  5  3  4  1  5  3
49     3  4  2  4  3  4  2  4  3  4  2  4  3  4  2  4  1  2  3  4  1  5  3  4  1  5  3  4  1  5  3  4  1
50     2  5  3  5  2  5  3  5  2  5  3  5  2  5  3  5  2  3  4  1  5  3  4  1  5  3  4  1  5  3  4  1  5  3

x value: 18
    y 18 19 20 21 22 23 24 25 26 27 28 29 30 31 32 33 34 35 36 37 38 39 40 41 42 43 44 45 46 47 48 49 50 
 z
18     0
19     4  2
20     0  1  0
21     1  2  3  4
22     0  3  0  1  0
23     2  5  1  2  3  4
24     0  1  0  3  0  1  0
25     1  2  3  4  1  2  3  4
26     0  3  0  1  0  3  0  1  0
27     3  4  1  2  3  4  1  2  3  4
28     0  1  0  3  0  1  0  3  0  1  0
29     1  3  5  4  1  2  3  4  1  2  3  4
30     0  2  0  1  0  3  0  1  0  3  0  1  0
31     2  4  1  2  3  4  1  2  3  4  1  2  3  4
32     0  1  0  3  0  1  0  3  0  1  0  3  0  1  0
33     1  2  3  4  1  2  3  4  1  2  3  4  1  2  3  4
34     0  3  0  1  0  3  0  1  0  3  0  1  0  3  0  1  0
35     3  4  1  2  3  4  1  2  3  4  1  2  3  4  1  2  3  4
36     0  1  0  5  0  1  0  3  0  1  0  3  0  1  0  3  0  1  0
37     1  3  2  4  1  2  3  4  1  2  3  4  1  2  3  4  1  2  3  4
38     0  2  0  1  0  3  0  1  0  3  0  1  0  3  0  1  0  3  0  1  0
39     1  3  1  2  3  4  1  2  3  4  1  2  3  4  1  2  3  4  1  2  3  2
40     0  2  0  3  0  1  0  5  0  1  0  3  0  1  0  3  0  1  0  3  0  1  0
41     1  3  1  2  1  3  2  4  1  2  3  4  1  2  3  4  1  2  3  4  1  2  3  2
42     0  2  0  3  0  2  0  1  0  3  0  1  0  3  0  1  0  3  0  1  0  3  0  1  0
43     1  3  1  2  1  3  1  2  3  4  1  2  3  4  1  2  3  4  1  2  3  2  1  2  3  2
44     0  2  0  3  0  2  0  3  0  1  0  5  0  1  0  3  0  1  0  3  0  1  0  3  0  1  0
45     1  3  1  2  1  3  1  2  1  3  2  4  1  2  3  4  1  2  3  4  1  2  3  2  1  2  3  2
46     0  2  0  3  0  2  0  3  0  2  0  1  0  3  0  1  0  3  0  1  0  3  0  1  0  3  0  1  0
47     1  3  1  2  1  3  1  2  1  3  1  2  3  4  1  2  3  4  1  2  3  2  1  2  3  2  1  2  3  2
48     0  2  0  3  0  2  0  3  0  2  0  3  0  1  0  5  0  1  0  3  0  1  0  3  0  1  0  3  0  1  0
49     1  3  1  2  1  3  1  2  1  3  1  2  1  3  2  4  1  2  3  4  1  2  3  2  1  2  3  2  1  2  3  2
50     0  2  0  3  0  2  0  3  0  2  0  3  0  2  0  1  0  3  0  1  0  3  0  1  0  3  0  1  0  3  0  1  0

x value: 19
    y 19 20 21 22 23 24 25 26 27 28 29 30 31 32 33 34 35 36 37 38 39 40 41 42 43 44 45 46 47 48 49 50 
 z
19     1
20     2  3
21     1  4  2
22     2  3  5  1
23     3  4  1  2  3
24     4  1  2  3  4  1
25     1  2  3  4  1  2  3
26     2  3  4  1  2  3  4  1
27     3  4  1  2  3  4  1  2  3
28     2  1  2  3  4  1  2  3  4  1
29     1  3  5  4  1  2  3  4  1  2  3
30     3  2  4  1  2  3  4  1  2  3  4  1
31     2  4  1  2  3  4  1  2  3  4  1  2  3
32     3  1  2  3  4  1  2  3  4  1  2  3  4  1
33     1  2  3  4  1  2  3  4  1  2  3  4  1  2  3
34     2  3  4  1  2  3  4  1  2  3  4  1  2  3  4  1
35     3  4  1  2  3  4  1  2  3  4  1  2  3  4  1  2  3
36     2  1  2  3  4  1  2  3  4  1  2  3  4  1  2  3  4  1
37     1  3  5  4  1  2  3  4  1  2  3  4  1  2  3  4  1  2  3
38     3  2  4  1  2  3  4  1  2  3  4  1  2  3  4  1  2  3  4  1
39     2  4  1  2  3  4  1  2  3  4  1  2  3  4  1  2  3  4  1  2  3
40     3  5  2  3  4  1  2  3  4  1  2  3  4  1  2  3  4  1  2  3  4  1
41     2  4  3  4  1  3  5  4  1  2  3  4  1  2  3  4  1  2  3  4  1  5  3
42     3  5  2  5  3  2  4  1  2  3  4  1  2  3  4  1  2  3  4  1  2  3  4  1
43     2  4  3  4  2  4  1  2  3  4  1  2  3  4  1  2  3  4  1  2  3  4  1  5  3
44     3  5  2  5  3  5  2  3  4  1  2  3  4  1  2  3  4  1  2  3  4  1  5  3  4  1
45     2  4  3  4  2  4  3  4  1  3  5  4  1  2  3  4  1  2  3  4  1  5  3  4  1  5  3
46     3  5  2  5  3  5  2  5  3  2  4  1  2  3  4  1  2  3  4  1  2  3  4  1  5  3  4  1
47     2  4  3  4  2  4  3  4  2  4  1  2  3  4  1  2  3  4  1  2  3  4  1  5  3  4  1  5  3
48     3  5  2  5  3  5  2  5  3  5  2  3  4  1  2  3  4  1  2  3  4  1  5  3  4  1  5  3  4  1
49     2  4  3  4  2  4  3  4  2  4  3  4  1  3  5  4  1  2  3  4  1  5  3  4  1  5  3  4  1  5  3
50     3  5  2  5  3  5  2  5  3  5  2  5  3  2  4  1  2  3  4  1  2  3  4  1  5  3  4  1  5  3  4  1

x value: 20
    y 20 21 22 23 24 25 26 27 28 29 30 31 32 33 34 35 36 37 38 39 40 41 42 43 44 45 46 47 48 49 50 
 z
20     0
21     3  1
22     0  2  0
23     3  5  1  2
24     0  1  0  3  0
25     1  2  3  4  1  2
26     0  3  0  1  0  3  0
27     3  4  1  2  3  4  1  2
28     0  1  0  3  0  1  0  3  0
29     1  3  5  4  1  2  3  4  1  2
30     0  2  0  1  0  3  0  1  0  3  0
31     2  4  1  2  3  4  1  2  3  4  1  2
32     0  1  0  3  0  1  0  3  0  1  0  3  0
33     1  2  3  4  1  2  3  4  1  2  3  4  1  2
34     0  3  0  1  0  3  0  1  0  3  0  1  0  3  0
35     3  4  1  2  3  4  1  2  3  4  1  2  3  4  1  2
36     0  1  0  3  0  1  0  3  0  1  0  3  0  1  0  3  0
37     1  3  5  4  1  2  3  4  1  2  3  4  1  2  3  4  1  2
38     0  2  0  1  0  3  0  1  0  3  0  1  0  3  0  1  0  3  0
39     2  4  1  2  3  4  1  2  3  4  1  2  3  4  1  2  3  4  1  2
40     0  1  0  3  0  1  0  3  0  1  0  3  0  1  0  3  0  1  0  3  0
41     1  2  3  4  1  2  3  4  1  2  3  4  1  2  3  4  1  2  3  4  1  2
42     0  3  0  1  0  5  0  1  0  3  0  1  0  3  0  1  0  3  0  1  0  3  0
43     1  2  1  3  2  4  1  2  3  4  1  2  3  4  1  2  3  4  1  2  3  4  1  2
44     0  3  0  2  0  1  0  3  0  1  0  3  0  1  0  3  0  1  0  3  0  1  0  3  0
45     1  2  1  3  1  2  3  4  1  2  3  4  1  2  3  4  1  2  3  4  1  2  3  2  1  2
46     0  3  0  2  0  3  0  1  0  5  0  1  0  3  0  1  0  3  0  1  0  3  0  1  0  3  0
47     1  2  1  3  1  2  1  3  2  4  1  2  3  4  1  2  3  4  1  2  3  4  1  2  3  2  1  2
48     0  3  0  2  0  3  0  2  0  1  0  3  0  1  0  3  0  1  0  3  0  1  0  3  0  1  0  3  0
49     1  2  1  3  1  2  1  3  1  2  3  4  1  2  3  4  1  2  3  4  1  2  3  2  1  2  3  2  1  2
50     0  3  0  2  0  3  0  2  0  3  0  1  0  5  0  1  0  3  0  1  0  3  0  1  0  3  0  1  0  3  0

x value: 21
    y 21 22 23 24 25 26 27 28 29 30 31 32 33 34 35 36 37 38 39 40 41 42 43 44 45 46 47 48 49 50 
 z
21     2
22     1  4
23     2  3  1
24     4  1  2  3
25     1  2  3  4  1
26     2  3  4  1  2  3
27     3  4  1  2  3  4  1
28     2  1  2  3  4  1  2  3
29     1  3  5  4  1  2  3  4  1
30     3  2  4  1  2  3  4  1  2  3
31     2  4  1  2  3  4  1  2  3  4  1
32     3  1  2  3  4  1  2  3  4  1  2  3
33     1  2  3  4  1  2  3  4  1  2  3  4  1
34     2  3  4  1  2  3  4  1  2  3  4  1  2  3
35     3  4  1  2  3  4  1  2  3  4  1  2  3  4  1
36     2  1  2  3  4  1  2  3  4  1  2  3  4  1  2  3
37     1  3  5  4  1  2  3  4  1  2  3  4  1  2  3  4  1
38     3  2  4  1  2  3  4  1  2  3  4  1  2  3  4  1  2  3
39     2  4  1  2  3  4  1  2  3  4  1  2  3  4  1  2  3  4  1
40     3  1  2  3  4  1  2  3  4  1  2  3  4  1  2  3  4  1  2  3
41     1  2  3  4  1  2  3  4  1  2  3  4  1  2  3  4  1  2  3  4  1
42     2  3  4  1  2  3  4  1  2  3  4  1  2  3  4  1  2  3  4  1  2  3
43     3  4  1  3  5  4  1  2  3  4  1  2  3  4  1  2  3  4  1  2  3  4  1
44     2  5  3  2  4  1  2  3  4  1  2  3  4  1  2  3  4  1  2  3  4  1  2  3
45     3  4  2  4  1  2  3  4  1  2  3  4  1  2  3  4  1  2  3  4  1  2  3  4  1
46     2  5  3  5  2  3  4  1  2  3  4  1  2  3  4  1  2  3  4  1  2  3  4  1  5  3
47     3  4  2  4  3  4  1  3  5  4  1  2  3  4  1  2  3  4  1  2  3  4  1  5  3  4  1
48     2  5  3  5  2  5  3  2  4  1  2  3  4  1  2  3  4  1  2  3  4  1  2  3  4  1  5  3
49     3  4  2  4  3  4  2  4  1  2  3  4  1  2  3  4  1  2  3  4  1  2  3  4  1  5  3  4  1
50     2  5  3  5  2  5  3  5  2  3  4  1  2  3  4  1  2  3  4  1  2  3  4  1  5  3  4  1  5  3

x value: 22
    y 22 23 24 25 26 27 28 29 30 31 32 33 34 35 36 37 38 39 40 41 42 43 44 45 46 47 48 49 50 
 z
22     0
23     4  2
24     0  1  0
25     1  2  3  4
26     0  3  0  1  0
27     3  4  1  2  3  4
28     0  1  0  3  0  1  0
29     1  3  5  4  1  2  3  4
30     0  2  0  1  0  3  0  1  0
31     2  4  1  2  3  4  1  2  3  4
32     0  1  0  3  0  1  0  3  0  1  0
33     1  2  3  4  1  2  3  4  1  2  3  4
34     0  3  0  1  0  3  0  1  0  3  0  1  0
35     3  4  1  2  3  4  1  2  3  4  1  2  3  4
36     0  1  0  3  0  1  0  3  0  1  0  3  0  1  0
37     1  3  5  4  1  2  3  4  1  2  3  4  1  2  3  4
38     0  2  0  1  0  3  0  1  0  3  0  1  0  3  0  1  0
39     2  4  1  2  3  4  1  2  3  4  1  2  3  4  1  2  3  4
40     0  1  0  3  0  1  0  3  0  1  0  3  0  1  0  3  0  1  0
41     1  2  3  4  1  2  3  4  1  2  3  4  1  2  3  4  1  2  3  4
42     0  3  0  1  0  3  0  1  0  3  0  1  0  3  0  1  0  3  0  1  0
43     3  4  1  2  3  4  1  2  3  4  1  2  3  4  1  2  3  4  1  2  3  4
44     0  1  0  5  0  1  0  3  0  1  0  3  0  1  0  3  0  1  0  3  0  1  0
45     1  3  2  4  1  2  3  4  1  2  3  4  1  2  3  4  1  2  3  4  1  2  3  4
46     0  2  0  1  0  3  0  1  0  3  0  1  0  3  0  1  0  3  0  1  0  3  0  1  0
47     1  3  1  2  3  4  1  2  3  4  1  2  3  4  1  2  3  4  1  2  3  4  1  2  3  2
48     0  2  0  3  0  1  0  5  0  1  0  3  0  1  0  3  0  1  0  3  0  1  0  3  0  1  0
49     1  3  1  2  1  3  2  4  1  2  3  4  1  2  3  4  1  2  3  4  1  2  3  4  1  2  3  2
50     0  2  0  3  0  2  0  1  0  3  0  1  0  3  0  1  0  3  0  1  0  3  0  1  0  3  0  1  0

x value: 23
    y 23 24 25 26 27 28 29 30 31 32 33 34 35 36 37 38 39 40 41 42 43 44 45 46 47 48 49 50 
 z
23     1
24     2  3
25     1  4  2
26     2  3  5  1
27     3  4  1  2  3
28     2  1  2  3  4  1
29     1  3  5  4  1  2  3
30     3  2  4  1  2  3  4  1
31     2  4  1  2  3  4  1  2  3
32     3  1  2  3  4  1  2  3  4  1
33     1  2  3  4  1  2  3  4  1  2  3
34     2  3  4  1  2  3  4  1  2  3  4  1
35     3  4  1  2  3  4  1  2  3  4  1  2  3
36     2  1  2  3  4  1  2  3  4  1  2  3  4  1
37     1  3  5  4  1  2  3  4  1  2  3  4  1  2  3
38     3  2  4  1  2  3  4  1  2  3  4  1  2  3  4  1
39     2  4  1  2  3  4  1  2  3  4  1  2  3  4  1  2  3
40     3  1  2  3  4  1  2  3  4  1  2  3  4  1  2  3  4  1
41     1  2  3  4  1  2  3  4  1  2  3  4  1  2  3  4  1  2  3
42     2  3  4  1  2  3  4  1  2  3  4  1  2  3  4  1  2  3  4  1
43     3  4  1  2  3  4  1  2  3  4  1  2  3  4  1  2  3  4  1  2  3
44     2  1  2  3  4  1  2  3  4  1  2  3  4  1  2  3  4  1  2  3  4  1
45     1  3  5  4  1  2  3  4  1  2  3  4  1  2  3  4  1  2  3  4  1  2  3
46     3  2  4  1  2  3  4  1  2  3  4  1  2  3  4  1  2  3  4  1  2  3  4  1
47     2  4  1  2  3  4  1  2  3  4  1  2  3  4  1  2  3  4  1  2  3  4  1  2  3
48     3  5  2  3  4  1  2  3  4  1  2  3  4  1  2  3  4  1  2  3  4  1  2  3  4  1
49     2  4  3  4  1  3  5  4  1  2  3  4  1  2  3  4  1  2  3  4  1  2  3  4  1  5  3
50     3  5  2  5  3  2  4  1  2  3  4  1  2  3  4  1  2  3  4  1  2  3  4  1  2  3  4  1

x value: 24
    y 24 25 26 27 28 29 30 31 32 33 34 35 36 37 38 39 40 41 42 43 44 45 46 47 48 49 50 
 z
24     0
25     3  1
26     0  2  0
27     3  5  1  2
28     0  1  0  3  0
29     1  3  5  4  1  2
30     0  2  0  1  0  3  0
31     2  4  1  2  3  4  1  2
32     0  1  0  3  0  1  0  3  0
33     1  2  3  4  1  2  3  4  1  2
34     0  3  0  1  0  3  0  1  0  3  0
35     3  4  1  2  3  4  1  2  3  4  1  2
36     0  1  0  3  0  1  0  3  0  1  0  3  0
37     1  3  5  4  1  2  3  4  1  2  3  4  1  2
38     0  2  0  1  0  3  0  1  0  3  0  1  0  3  0
39     2  4  1  2  3  4  1  2  3  4  1  2  3  4  1  2
40     0  1  0  3  0  1  0  3  0  1  0  3  0  1  0  3  0
41     1  2  3  4  1  2  3  4  1  2  3  4  1  2  3  4  1  2
42     0  3  0  1  0  3  0  1  0  3  0  1  0  3  0  1  0  3  0
43     3  4  1  2  3  4  1  2  3  4  1  2  3  4  1  2  3  4  1  2
44     0  1  0  3  0  1  0  3  0  1  0  3  0  1  0  3  0  1  0  3  0
45     1  3  5  4  1  2  3  4  1  2  3  4  1  2  3  4  1  2  3  4  1  2
46     0  2  0  1  0  3  0  1  0  3  0  1  0  3  0  1  0  3  0  1  0  3  0
47     2  4  1  2  3  4  1  2  3  4  1  2  3  4  1  2  3  4  1  2  3  4  1  2
48     0  1  0  3  0  1  0  3  0  1  0  3  0  1  0  3  0  1  0  3  0  1  0  3  0
49     1  2  3  4  1  2  3  4  1  2  3  4  1  2  3  4  1  2  3  4  1  2  3  4  1  2
50     0  3  0  1  0  5  0  1  0  3  0  1  0  3  0  1  0  3  0  1  0  3  0  1  0  3  0

x value: 25
    y 25 26 27 28 29 30 31 32 33 34 35 36 37 38 39 40 41 42 43 44 45 46 47 48 49 50 
 z
25     2
26     1  4
27     2  3  1
28     4  1  2  3
29     1  2  3  4  1
30     3  4  6  1  2  3
31     2  5  1  2  3  4  1
32     3  1  2  3  4  1  2  3
33     1  2  3  4  1  2  3  4  1
34     2  3  4  1  2  3  4  1  2  3
35     3  4  1  2  3  4  1  2  3  4  1
36     2  1  2  3  4  1  2  3  4  1  2  3
37     1  3  5  4  1  2  3  4  1  2  3  4  1
38     3  2  4  1  2  3  4  1  2  3  4  1  2  3
39     2  4  1  2  3  4  1  2  3  4  1  2  3  4  1
40     3  1  2  3  4  1  2  3  4  1  2  3  4  1  2  3
41     1  2  3  4  1  2  3  4  1  2  3  4  1  2  3  4  1
42     2  3  4  1  2  3  4  1  2  3  4  1  2  3  4  1  2  3
43     3  4  1  2  3  4  1  2  3  4  1  2  3  4  1  2  3  4  1
44     2  1  2  3  4  1  2  3  4  1  2  3  4  1  2  3  4  1  2  3
45     1  3  5  4  1  2  3  4  1  2  3  4  1  2  3  4  1  2  3  4  1
46     3  2  4  1  2  3  4  1  2  3  4  1  2  3  4  1  2  3  4  1  2  3
47     2  4  1  2  3  4  1  2  3  4  1  2  3  4  1  2  3  4  1  2  3  4  1
48     3  1  2  3  4  1  2  3  4  1  2  3  4  1  2  3  4  1  2  3  4  1  2  3
49     1  2  3  4  1  2  3  4  1  2  3  4  1  2  3  4  1  2  3  4  1  2  3  4  1
50     2  3  4  1  2  3  4  1  2  3  4  1  2  3  4  1  2  3  4  1  2  3  4  1  2  3

x value: 26
    y 26 27 28 29 30 31 32 33 34 35 36 37 38 39 40 41 42 43 44 45 46 47 48 49 50 
 z
26     0
27     4  2
28     0  1  0
29     1  2  3  4
30     0  3  0  1  0
31     2  5  1  2  3  4
32     0  1  0  3  0  1  0
33     1  2  3  4  1  2  3  4
34     0  3  0  1  0  3  0  1  0
35     3  4  1  2  3  4  1  2  3  4
36     0  1  0  3  0  1  0  3  0  1  0
37     1  3  5  4  1  2  3  4  1  2  3  4
38     0  2  0  1  0  3  0  1  0  3  0  1  0
39     2  4  1  2  3  4  1  2  3  4  1  2  3  4
40     0  1  0  3  0  1  0  3  0  1  0  3  0  1  0
41     1  2  3  4  1  2  3  4  1  2  3  4  1  2  3  4
42     0  3  0  1  0  3  0  1  0  3  0  1  0  3  0  1  0
43     3  4  1  2  3  4  1  2  3  4  1  2  3  4  1  2  3  4
44     0  1  0  3  0  1  0  3  0  1  0  3  0  1  0  3  0  1  0
45     1  3  5  4  1  2  3  4  1  2  3  4  1  2  3  4  1  2  3  4
46     0  2  0  1  0  3  0  1  0  3  0  1  0  3  0  1  0  3  0  1  0
47     2  4  1  2  3  4  1  2  3  4  1  2  3  4  1  2  3  4  1  2  3  4
48     0  1  0  3  0  1  0  3  0  1  0  3  0  1  0  3  0  1  0  3  0  1  0
49     1  2  3  4  1  2  3  4  1  2  3  4  1  2  3  4  1  2  3  4  1  2  3  4
50     0  3  0  1  0  3  0  1  0  3  0  1  0  3  0  1  0  3  0  1  0  3  0  1  0

x value: 27
    y 27 28 29 30 31 32 33 34 35 36 37 38 39 40 41 42 43 44 45 46 47 48 49 50 
 z
27     1
28     2  3
29     1  4  2
30     2  3  5  1
31     3  4  1  2  3
32     4  1  2  3  4  1
33     1  2  3  4  1  2  3
34     2  3  4  1  2  3  4  1
35     3  4  1  2  3  4  1  2  3
36     2  1  2  3  4  1  2  3  4  1
37     1  3  5  4  1  2  3  4  1  2  3
38     3  2  4  1  2  3  4  1  2  3  4  1
39     2  4  1  2  3  4  1  2  3  4  1  2  3
40     3  1  2  3  4  1  2  3  4  1  2  3  4  1
41     1  2  3  4  1  2  3  4  1  2  3  4  1  2  3
42     2  3  4  1  2  3  4  1  2  3  4  1  2  3  4  1
43     3  4  1  2  3  4  1  2  3  4  1  2  3  4  1  2  3
44     2  1  2  3  4  1  2  3  4  1  2  3  4  1  2  3  4  1
45     1  3  5  4  1  2  3  4  1  2  3  4  1  2  3  4  1  2  3
46     3  2  4  1  2  3  4  1  2  3  4  1  2  3  4  1  2  3  4  1
47     2  4  1  2  3  4  1  2  3  4  1  2  3  4  1  2  3  4  1  2  3
48     3  1  2  3  4  1  2  3  4  1  2  3  4  1  2  3  4  1  2  3  4  1
49     1  2  3  4  1  2  3  4  1  2  3  4  1  2  3  4  1  2  3  4  1  2  3
50     2  3  4  1  2  3  4  1  2  3  4  1  2  3  4  1  2  3  4  1  2  3  4  1

x value: 28
    y 28 29 30 31 32 33 34 35 36 37 38 39 40 41 42 43 44 45 46 47 48 49 50 
 z
28     0
29     3  1
30     0  2  0
31     3  5  1  2
32     0  1  0  3  0
33     1  2  3  4  1  2
34     0  3  0  1  0  3  0
35     3  4  1  2  3  4  1  2
36     0  1  0  3  0  1  0  3  0
37     1  3  5  4  1  2  3  4  1  2
38     0  2  0  1  0  3  0  1  0  3  0
39     2  4  1  2  3  4  1  2  3  4  1  2
40     0  1  0  3  0  1  0  3  0  1  0  3  0
41     1  2  3  4  1  2  3  4  1  2  3  4  1  2
42     0  3  0  1  0  3  0  1  0  3  0  1  0  3  0
43     3  4  1  2  3  4  1  2  3  4  1  2  3  4  1  2
44     0  1  0  3  0  1  0  3  0  1  0  3  0  1  0  3  0
45     1  3  5  4  1  2  3  4  1  2  3  4  1  2  3  4  1  2
46     0  2  0  1  0  3  0  1  0  3  0  1  0  3  0  1  0  3  0
47     2  4  1  2  3  4  1  2  3  4  1  2  3  4  1  2  3  4  1  2
48     0  1  0  3  0  1  0  3  0  1  0  3  0  1  0  3  0  1  0  3  0
49     1  2  3  4  1  2  3  4  1  2  3  4  1  2  3  4  1  2  3  4  1  2
50     0  3  0  1  0  3  0  1  0  3  0  1  0  3  0  1  0  3  0  1  0  3  0

x value: 29
    y 29 30 31 32 33 34 35 36 37 38 39 40 41 42 43 44 45 46 47 48 49 50 
 z
29     2
30     1  4
31     2  3  1
32     4  1  2  3
33     1  2  3  4  1
34     2  3  4  1  2  3
35     3  4  1  2  3  4  1
36     2  1  2  3  4  1  2  3
37     1  3  5  4  1  2  3  4  1
38     3  2  4  1  2  3  4  1  2  3
39     2  4  1  2  3  4  1  2  3  4  1
40     3  1  2  3  4  1  2  3  4  1  2  3
41     1  2  3  4  1  2  3  4  1  2  3  4  1
42     2  3  4  1  2  3  4  1  2  3  4  1  2  3
43     3  4  1  2  3  4  1  2  3  4  1  2  3  4  1
44     2  1  2  3  4  1  2  3  4  1  2  3  4  1  2  3
45     1  3  5  4  1  2  3  4  1  2  3  4  1  2  3  4  1
46     3  2  4  1  2  3  4  1  2  3  4  1  2  3  4  1  2  3
47     2  4  1  2  3  4  1  2  3  4  1  2  3  4  1  2  3  4  1
48     3  1  2  3  4  1  2  3  4  1  2  3  4  1  2  3  4  1  2  3
49     1  2  3  4  1  2  3  4  1  2  3  4  1  2  3  4  1  2  3  4  1
50     2  3  4  1  2  3  4  1  2  3  4  1  2  3  4  1  2  3  4  1  2  3

x value: 30
    y 30 31 32 33 34 35 36 37 38 39 40 41 42 43 44 45 46 47 48 49 50 
 z
30     0
31     4  2
32     0  1  0
33     1  2  3  4
34     0  3  0  1  0
35     3  4  1  2  3  4
36     0  1  0  3  0  1  0
37     1  3  5  4  1  2  3  4
38     0  2  0  1  0  3  0  1  0
39     2  4  1  2  3  4  1  2  3  4
40     0  1  0  3  0  1  0  3  0  1  0
41     1  2  3  4  1  2  3  4  1  2  3  4
42     0  3  0  1  0  3  0  1  0  3  0  1  0
43     3  4  1  2  3  4  1  2  3  4  1  2  3  4
44     0  1  0  3  0  1  0  3  0  1  0  3  0  1  0
45     1  3  5  4  1  2  3  4  1  2  3  4  1  2  3  4
46     0  2  0  1  0  3  0  1  0  3  0  1  0  3  0  1  0
47     2  4  1  2  3  4  1  2  3  4  1  2  3  4  1  2  3  4
48     0  1  0  3  0  1  0  3  0  1  0  3  0  1  0  3  0  1  0
49     1  2  3  4  1  2  3  4  1  2  3  4  1  2  3  4  1  2  3  4
50     0  3  0  1  0  3  0  1  0  3  0  1  0  3  0  1  0  3  0  1  0

x value: 31
    y 31 32 33 34 35 36 37 38 39 40 41 42 43 44 45 46 47 48 49 50 
 z
31     1
32     2  3
33     1  4  2
34     2  3  5  1
35     3  4  1  2  3
36     2  1  2  3  4  1
37     1  3  5  4  1  2  3
38     3  2  4  1  2  3  4  1
39     2  4  1  2  3  4  1  2  3
40     3  1  2  3  4  1  2  3  4  1
41     1  2  3  4  1  2  3  4  1  2  3
42     2  3  4  1  2  3  4  1  2  3  4  1
43     3  4  1  2  3  4  1  2  3  4  1  2  3
44     2  1  2  3  4  1  2  3  4  1  2  3  4  1
45     1  3  5  4  1  2  3  4  1  2  3  4  1  2  3
46     3  2  4  1  2  3  4  1  2  3  4  1  2  3  4  1
47     2  4  1  2  3  4  1  2  3  4  1  2  3  4  1  2  3
48     3  1  2  3  4  1  2  3  4  1  2  3  4  1  2  3  4  1
49     1  2  3  4  1  2  3  4  1  2  3  4  1  2  3  4  1  2  3
50     2  3  4  1  2  3  4  1  2  3  4  1  2  3  4  1  2  3  4  1

x value: 32
    y 32 33 34 35 36 37 38 39 40 41 42 43 44 45 46 47 48 49 50 
 z
32     0
33     3  1
34     0  2  0
35     3  5  1  2
36     0  1  0  3  0
37     1  3  5  4  1  2
38     0  2  0  1  0  3  0
39     2  4  1  2  3  4  1  2
40     0  1  0  3  0  1  0  3  0
41     1  2  3  4  1  2  3  4  1  2
42     0  3  0  1  0  3  0  1  0  3  0
43     3  4  1  2  3  4  1  2  3  4  1  2
44     0  1  0  3  0  1  0  3  0  1  0  3  0
45     1  3  5  4  1  2  3  4  1  2  3  4  1  2
46     0  2  0  1  0  3  0  1  0  3  0  1  0  3  0
47     2  4  1  2  3  4  1  2  3  4  1  2  3  4  1  2
48     0  1  0  3  0  1  0  3  0  1  0  3  0  1  0  3  0
49     1  2  3  4  1  2  3  4  1  2  3  4  1  2  3  4  1  2
50     0  3  0  1  0  3  0  1  0  3  0  1  0  3  0  1  0  3  0

x value: 33
    y 33 34 35 36 37 38 39 40 41 42 43 44 45 46 47 48 49 50 
 z
33     2
34     1  4
35     2  3  1
36     4  1  2  3
37     1  2  3  4  1
38     3  4  6  1  2  3
39     2  5  1  2  3  4  1
40     3  1  2  3  4  1  2  3
41     1  2  3  4  1  2  3  4  1
42     2  3  4  1  2  3  4  1  2  3
43     3  4  1  2  3  4  1  2  3  4  1
44     2  1  2  3  4  1  2  3  4  1  2  3
45     1  3  5  4  1  2  3  4  1  2  3  4  1
46     3  2  4  1  2  3  4  1  2  3  4  1  2  3
47     2  4  1  2  3  4  1  2  3  4  1  2  3  4  1
48     3  1  2  3  4  1  2  3  4  1  2  3  4  1  2  3
49     1  2  3  4  1  2  3  4  1  2  3  4  1  2  3  4  1
50     2  3  4  1  2  3  4  1  2  3  4  1  2  3  4  1  2  3

x value: 34
    y 34 35 36 37 38 39 40 41 42 43 44 45 46 47 48 49 50 
 z
34     0
35     4  2
36     0  1  0
37     1  2  3  4
38     0  3  0  1  0
39     2  5  1  2  3  4
40     0  1  0  3  0  1  0
41     1  2  3  4  1  2  3  4
42     0  3  0  1  0  3  0  1  0
43     3  4  1  2  3  4  1  2  3  4
44     0  1  0  3  0  1  0  3  0  1  0
45     1  3  5  4  1  2  3  4  1  2  3  4
46     0  2  0  1  0  3  0  1  0  3  0  1  0
47     2  4  1  2  3  4  1  2  3  4  1  2  3  4
48     0  1  0  3  0  1  0  3  0  1  0  3  0  1  0
49     1  2  3  4  1  2  3  4  1  2  3  4  1  2  3  4
50     0  3  0  1  0  3  0  1  0  3  0  1  0  3  0  1  0

x value: 35
    y 35 36 37 38 39 40 41 42 43 44 45 46 47 48 49 50 
 z
35     1
36     2  3
37     1  4  2
38     2  3  5  1
39     3  4  1  2  3
40     4  1  2  3  4  1
41     1  2  3  4  1  2  3
42     2  3  4  1  2  3  4  1
43     3  4  1  2  3  4  1  2  3
44     2  1  2  3  4  1  2  3  4  1
45     1  3  5  4  1  2  3  4  1  2  3
46     3  2  4  1  2  3  4  1  2  3  4  1
47     2  4  1  2  3  4  1  2  3  4  1  2  3
48     3  1  2  3  4  1  2  3  4  1  2  3  4  1
49     1  2  3  4  1  2  3  4  1  2  3  4  1  2  3
50     2  3  4  1  2  3  4  1  2  3  4  1  2  3  4  1

x value: 36
    y 36 37 38 39 40 41 42 43 44 45 46 47 48 49 50 
 z
36     0
37     3  1
38     0  2  0
39     3  5  1  2
40     0  1  0  3  0
41     1  2  3  4  1  2
42     0  3  0  1  0  3  0
43     3  4  1  2  3  4  1  2
44     0  1  0  3  0  1  0  3  0
45     1  3  5  4  1  2  3  4  1  2
46     0  2  0  1  0  3  0  1  0  3  0
47     2  4  1  2  3  4  1  2  3  4  1  2
48     0  1  0  3  0  1  0  3  0  1  0  3  0
49     1  2  3  4  1  2  3  4  1  2  3  4  1  2
50     0  3  0  1  0  3  0  1  0  3  0  1  0  3  0

x value: 37
    y 37 38 39 40 41 42 43 44 45 46 47 48 49 50 
 z
37     2
38     1  4
39     2  3  1
40     4  1  2  3
41     1  2  3  4  1
42     2  3  4  1  2  3
43     3  4  1  2  3  4  1
44     2  1  2  3  4  1  2  3
45     1  3  5  4  1  2  3  4  1
46     3  2  4  1  2  3  4  1  2  3
47     2  4  1  2  3  4  1  2  3  4  1
48     3  1  2  3  4  1  2  3  4  1  2  3
49     1  2  3  4  1  2  3  4  1  2  3  4  1
50     2  3  4  1  2  3  4  1  2  3  4  1  2  3

x value: 38
    y 38 39 40 41 42 43 44 45 46 47 48 49 50 
 z
38     0
39     4  2
40     0  1  0
41     1  2  3  4
42     0  3  0  1  0
43     3  4  1  2  3  4
44     0  1  0  3  0  1  0
45     1  3  5  4  1  2  3  4
46     0  2  0  1  0  3  0  1  0
47     2  4  1  2  3  4  1  2  3  4
48     0  1  0  3  0  1  0  3  0  1  0
49     1  2  3  4  1  2  3  4  1  2  3  4
50     0  3  0  1  0  3  0  1  0  3  0  1  0

x value: 39
    y 39 40 41 42 43 44 45 46 47 48 49 50 
 z
39     1
40     2  3
41     1  4  2
42     2  3  5  1
43     3  4  1  2  3
44     2  1  2  3  4  1
45     1  3  5  4  1  2  3
46     3  2  4  1  2  3  4  1
47     2  4  1  2  3  4  1  2  3
48     3  1  2  3  4  1  2  3  4  1
49     1  2  3  4  1  2  3  4  1  2  3
50     2  3  4  1  2  3  4  1  2  3  4  1

x value: 40
    y 40 41 42 43 44 45 46 47 48 49 50 
 z
40     0
41     3  1
42     0  2  0
43     3  5  1  2
44     0  1  0  3  0
45     1  3  5  4  1  2
46     0  2  0  1  0  3  0
47     2  4  1  2  3  4  1  2
48     0  1  0  3  0  1  0  3  0
49     1  2  3  4  1  2  3  4  1  2
50     0  3  0  1  0  3  0  1  0  3  0

x value: 41
    y 41 42 43 44 45 46 47 48 49 50 
 z
41     2
42     1  4
43     2  3  1
44     4  1  2  3
45     1  2  3  4  1
46     3  4  6  1  2  3
47     2  5  1  2  3  4  1
48     3  1  2  3  4  1  2  3
49     1  2  3  4  1  2  3  4  1
50     2  3  4  1  2  3  4  1  2  3

x value: 42
    y 42 43 44 45 46 47 48 49 50 
 z
42     0
43     4  2
44     0  1  0
45     1  2  3  4
46     0  3  0  1  0
47     2  5  1  2  3  4
48     0  1  0  3  0  1  0
49     1  2  3  4  1  2  3  4
50     0  3  0  1  0  3  0  1  0

x value: 43
    y 43 44 45 46 47 48 49 50 
 z
43     1
44     2  3
45     1  4  2
46     2  3  5  1
47     3  4  1  2  3
48     4  1  2  3  4  1
49     1  2  3  4  1  2  3
50     2  3  4  1  2  3  4  1

x value: 44
    y 44 45 46 47 48 49 50 
 z
44     0
45     3  1
46     0  2  0
47     3  5  1  2
48     0  1  0  3  0
49     1  2  3  4  1  2
50     0  3  0  1  0  3  0

x value: 45
    y 45 46 47 48 49 50 
 z
45     2
46     1  4
47     2  3  1
48     4  1  2  3
49     1  2  3  4  1
50     2  3  4  1  2  3

x value: 46
    y 46 47 48 49 50 
 z
46     0
47     4  2
48     0  1  0
49     1  2  3  4
50     0  3  0  1  0

x value: 47
    y 47 48 49 50 
 z
47     1
48     2  3
49     1  4  2
50     2  3  5  1

x value: 48
    y 48 49 50 
 z
48     0
49     3  1
50     0  2  0

x value: 49
    y 49 50 
 z
49     2
50     1  4

x value: 50
    y 50 
 z
50     0

